05029013,-92.81072685441416,35.32864810436971
05029008,-92.6047207695293,35.222547270396134
05029005,-92.70088844975885,35.408097270718436
05029012,-92.80475013662605,35.40756144805223
05029029,-92.73324661122881,35.1415252103501
05029006,-92.67580544535056,35.32237210223315
05029060,-92.76569236083739,35.10249063010421
05029026,-92.72682288289471,35.16662052237156
05029002,-92.5859749145147,35.38513564622984
05029011,-92.79865001265901,35.2773859828198
05029007,-92.537025179114,35.26462155782877
05029015,-92.69422107127731,35.14480893922233
05029004,-92.61345098030088,35.30748412571215
05029016,-92.62149325330721,35.140160748442774
05029028,-92.75941803182286,35.159232901086135
05029027,-92.7422425161825,35.164007826646994
05029022,-92.88299732356467,35.09767697419337
05029001,-92.54457451397526,35.43453579384002
05029050,-92.64146271936616,35.16328929626593
05029061,-92.78002189500528,35.098244460553666
05029014,-92.80779089110408,35.190951107347544
05029018,-92.766444608204,35.10211196785884
05029030,-92.74224420692973,35.2328175764179
05029017,-92.54591832393983,35.151458186769
05029023,-92.9070902713899,35.13897130935032
05029009,-92.67881040915215,35.2404053558108
05029025,-92.94450301607976,35.09674464039943
05029003,-92.52860066479262,35.34212181347372
05029021,-92.84175967539937,35.11588955598559
05029053,-92.55460261558224,35.14941547654274
05029010,-92.72884329671348,35.30764288514006
05029051,-92.63876505593926,35.15975382873814
05029052,-92.64660172335864,35.15684318652225
05029024,-93.00643232822159,35.09584168974512
0504532,-92.48783300710271,35.103272495080816
0504525,-92.44198184012795,35.013640890433294
0504536,-92.4489600897731,35.10136024314638
0504530,-92.47234921035299,35.12251941968517
0504513,-92.26893814318164,35.16353792987934
050453,-92.22827288417805,35.3204283222919
0504511,-92.46659329248287,35.19346388661148
0504516,-92.15137643667225,35.05686473444921
0504522,-92.39474544102158,34.95683925719052
0504526,-92.52133926349552,35.063524048993855
050456,-92.21228503243832,35.21867274189297
050459,-92.38356106599,35.2286438350376
0504545,-92.45476973589979,35.042456295278136
0504527,-92.37541601694718,35.044648819286245
0504520,-92.28771538455928,35.04839684144714
0504529,-92.45682108591214,35.14019929578504
0504515,-92.14243061384845,35.15877635719339
0504510,-92.4519567064101,35.26009690308981
0504541,-92.4428963373016,35.074063833682
0504543,-92.48774859356153,35.063058821884674
050452,-92.32710219058879,35.317940967504455
0504524,-92.53426703647995,34.99259773054467
0504512,-92.37892419117023,35.176559559725355
0504518,-92.19639773291988,35.063407576125364
0504531,-92.51638557276421,35.09792579200258
0504538,-92.47181332362892,35.0814470669069
050457,-92.27053919938427,35.243500349303424
0504539,-92.45853467536544,35.08118011998091
0504542,-92.41651899983455,35.10336895232059
050455,-92.14500771151332,35.23923785334295
0504528,-92.35543820494253,35.122051850156964
0504537,-92.49282224108049,35.080714053553805
0504519,-92.28029223536959,35.107409182918644
050454,-92.14803283170932,35.31856479754644
0504540,-92.44538045388876,35.08638997572988
0504517,-92.20661741174173,35.081557476046136
0504534,-92.47527170642965,35.100744514467586
0504533,-92.46186822651848,35.111731207373786
0504521,-92.27267217191033,34.971843764881456
050458,-92.34583827828033,35.22968213897022
050451,-92.42940309271374,35.335103409696586
0504523,-92.41918613354008,34.97173222346421
0504514,-92.19873535184948,35.14053597591542
0504535,-92.46296497931907,35.09930505758103
0504544,-92.41335408451184,35.07502130245331
0514507,-91.87666384193078,35.07365053621846
05145067,-91.69187188816923,35.11271087664514
0514502,-91.93973143516368,35.141730981137165
0514504,-91.5800450989478,35.314392471318584
0514501,-91.79442628104127,35.34556900541691
05145066,-91.56679287771676,35.41381114789274
05145054,-91.85998777937192,35.35260665785966
05145015,-91.85391862254447,35.179548168566484
05145028,-91.75578970850475,35.11926980422947
0514509,-91.9007054054225,35.06904521294989
05145021,-91.83714313117208,35.28783962503222
05145023,-91.61492622447285,35.4866468617731
05145037,-91.67552888300024,35.31184134024506
0514508,-91.88617279004814,35.07342425431979
05145034,-91.64571892991086,35.12447030403086
05145071,-91.71796878429112,35.25081756215999
05145072,-91.70057735914634,35.256811113583616
05145035,-91.76232906525877,35.208495398349555
05145046,-91.64204569180454,35.27083958808152
05145088,-91.91604254621217,35.07417908020375
05145041,-91.74992092430479,35.49033493989611
05145029,-91.78080549912339,35.14190296961269
05145027,-91.49054149757488,35.14153515263636
05145045,-91.64041969951269,35.27729385544618
05145049,-91.67352162065315,35.23901809914638
05145022,-91.45987563635146,35.258459477604326
05145038,-91.68213121250945,35.47141110977407
05145048,-91.66397384075027,35.23044655097399
0514505,-91.56165417949727,35.314017214379
05145086,-91.57049060756255,35.275164275759806
05145076,-91.76590440316106,35.234090366559776
05145014,-91.95854409932817,35.33814742222266
05145080,-91.7292920422826,35.23463901244089
05145073,-91.74055629223399,35.26077205532517
05145019,-91.96663715414537,35.186876621520376
05145044,-91.64062195022024,35.2817874411276
05145052,-91.82945858318841,35.3635674182474
05145068,-91.60980013933667,35.20330369856896
05145036,-91.67271390701745,35.38943532561979
05145040,-91.71228843496343,35.19543668586724
05145070,-91.72572407238789,35.25084087467079
05145011,-91.46004025725318,35.422018938704426
05145079,-91.75096033988562,35.243415286441945
05145031,-91.98039281680026,35.24895310196816
05145058,-91.81972094195406,35.11088552645145
05145084,-91.83818098910213,35.42743409005016
05145020,-91.61624174617339,35.394506292070915
05145060,-91.59810771171611,35.18173538727193
05145059,-91.84639134180263,35.32098934064422
05145055,-92.06615069771873,35.241584634624786
05145043,-91.9623488625922,35.29700043254892
05145047,-91.65997086032331,35.21539198251306
05145075,-91.76501088072209,35.254822752902605
05145064,-91.50999578211449,35.36197782232122
05145010,-91.80032654058448,35.41844729804641
05145069,-91.7277467335892,35.25954578782426
05145030,-91.45350188397495,35.126441746531746
05145032,-91.74510523356868,35.29655434765399
05145074,-91.74637049958558,35.252524620177525
05145013,-91.45189182048682,35.42189884627935
05145050,-91.67571516909537,35.228565954334904
05145025,-91.60879890222853,35.096589399022655
05145061,-92.08016830928463,35.325490607151046
05145042,-92.07329687418154,35.18856188788773
05145062,-92.02747288897106,35.102548175016075
05145056,-91.8118074407985,35.099151927803895
05145016,-91.88189898867357,35.12522501906788
05145017,-91.75122062603755,35.376923760865694
05145051,-92.057469931806,35.315808665815155
05145057,-91.82492686183322,35.11614445873682
05145039,-91.71583491478286,35.17946550806295
05145077,-91.74780381710012,35.24896336606387
05145033,-91.80456195146076,35.25618406553308
05145018,-92.04031103094188,35.16111531477815
0514506,-91.58348842448318,35.30453273376167
05145083,-91.70170047381603,35.23979693016231
05145078,-91.73560676182854,35.223379504969266
05145065,-91.88590511872412,35.06644643020396
05145024,-91.8959457138584,35.26187115526337
05145081,-91.77042029247774,35.241828819481306
05145026,-92.09567455492552,35.11161235877276
05145012,-91.45858536222534,35.42677994681402
05145085,-91.84029983350476,35.422621600237875
05145063,-91.48087123581627,35.360876765434924
05145053,-91.45080309772804,35.412260267809046
05145087,-91.5598766604275,35.36884787767589
05145082,-91.7201639735401,35.23690666354659
05105017,-92.62381404497005,34.944641511769674
05105010,-92.88837614165409,34.972739541353256
05105019,-92.7930454524361,35.01137182432393
05105005,-92.58632681161245,35.06734014304102
05105020,-92.80901150973749,34.99567257447645
05105008,-93.10807725829945,34.95476237890453
05105002,-92.90493254526045,35.042102921845256
05105009,-92.96680250355705,34.962380033081594
05105004,-92.6918032756455,35.04191270236579
05105014,-92.81460761614404,34.963304644541985
05105001,-92.98717540724351,35.061416152329606
05105006,-92.6231836078095,35.010187455527706
05105003,-92.80613039567245,35.05402282263564
05105011,-92.81105549156233,35.00598926653049
05105018,-92.80728204377954,35.018998998660344
05105021,-92.64944340645144,34.97421623797874
05105007,-93.04146828427639,35.021176732064816
05105015,-92.73355701205172,34.957875069963585
05105012,-93.1536763203506,34.8509477311554
05105013,-92.84902781870218,34.89154832734847
0514105,-92.61902394863942,35.64579987596471
05141014,-92.31949333950439,35.56593552073989
0514102,-92.4586219584821,35.72344778571802
05141027,-92.27978772499739,35.612509008971024
05141025,-92.42255238437396,35.555767634287555
05141017,-92.40746663033578,35.3880107940843
05141024,-92.41023134573719,35.60089251862972
05141022,-92.25591650394847,35.61809071822128
05141010,-92.6907203731898,35.523135537633294
05141026,-92.28743307343723,35.58110383959034
05141016,-92.40557151280807,35.4448455859554
05141019,-92.29623935116875,35.386681769596805
05141021,-92.74282688996713,35.62884083168277
0514108,-92.31020338492294,35.66134066220486
0514107,-92.3981904350243,35.66972004242381
05141015,-92.29992482831244,35.48217536025515
0514101,-92.6012731843435,35.726025218613096
05141020,-92.50015050018689,35.62277065834145
05141011,-92.50120443561532,35.54377169199687
05141023,-92.5123485318755,35.48255412991626
05141013,-92.41556603312905,35.508614033638224
0511960,-92.49043151007729,34.79021039818671
0511993,-92.36775252123498,34.77109455034704
0511940,-92.23807009795092,34.83175129539691
0511988,-92.38544414204875,34.77769182206378
0511995,-92.36728063016105,34.75928624911676
051192,-92.4008494157574,34.87940301581822
0511969,-92.41370423123728,34.779997814163714
0511970,-92.39656204599504,34.78132229907807
0511984,-92.38422475080701,34.71922921875634
0511936,-92.10143159372862,34.87512791880537
0511961,-92.5200837074705,34.75461896324356
0511949,-92.22208954495315,34.81355044722722
051190159,-92.10186324189718,34.61559216078488
0511946,-92.0886553360651,34.85378303688016
05119122,-92.30813722551864,34.703525312610005
0511952,-92.23124706971565,34.76921705732407
0511987,-92.38290518448952,34.75536319314131
0511991,-92.35221991874973,34.78459309356506
0511919,-92.27119303269744,34.81010745650859
0511980,-92.43415637756604,34.66123734035339
0511935,-92.08593318693184,34.88382337862736
0511941,-92.21915831056918,34.83821868386997
0511947,-92.11524347111376,34.81258368979121
05119101,-92.36022071471064,34.707752991009244
0511923,-92.24264101792156,34.8064776877081
0511944,-92.17196292441484,34.844977299099725
0511967,-92.41182908757503,34.79086443489717
05119106,-92.32284791992923,34.778922164710444
0511950,-92.22731648044544,34.799981567191466
0511933,-92.15348429330936,34.87161014427406
0511938,-92.10136165773972,34.863369486123155
051193,-92.40686353137515,34.86866206303553
05119116,-92.31869051349628,34.738608631493086
0511932,-92.18052326232807,34.86389671316746
0511986,-92.36199067764855,34.74202310173328
05119131,-92.22971447128529,34.65350594832463
0511916,-92.27877417354968,34.76112099063875
05119113,-92.29556515226788,34.74796021498121
051195,-92.40191866180918,34.83968025931625
051190158,-92.14563168764731,34.757069957707756
0511939,-92.20711397582397,34.84530241377552
05119120,-92.32642664370887,34.72967960636459
0511971,-92.42697157913562,34.77289372834551
0511973,-92.43730049258315,34.7634226525266
0511937,-92.11924758324965,34.86567869852916
05119103,-92.35334472387729,34.66669175930243
05119115,-92.33312687875265,34.739686921877436
0511921,-92.25024183946572,34.79484159445295
0511989,-92.3792537895858,34.770239885425354
05119121,-92.32794795483497,34.713221019742775
05119105,-92.34645602237099,34.64280794769082
05119107,-92.33496901521696,34.77250596481338
0511915,-92.2882624659851,34.77754678953302
05119110,-92.30255870621758,34.76381422294312
0511974,-92.4198872836307,34.760025330800524
05119118,-92.2766096538965,34.7315247848816
05119126,-92.31317722246139,34.626762355050076
051191,-92.42326051475821,34.88988947309089
05119125,-92.28950666252034,34.664570205365195
0511951,-92.2347057518844,34.786841694259046
05119111,-92.33916931165426,34.75212334229087
0511928,-92.20513455191967,34.89764104677067
0511917,-92.2698323766054,34.777375227471104
051196,-92.37898965668539,34.91028231340759
05119100,-92.36595227481895,34.71800895811956
05119117,-92.2965615956141,34.737802390177706
05119114,-92.27200806784317,34.74426937822481
051198,-92.37521044211208,34.858935745412865
0511956,-92.62630337132772,34.86704179034834
05119104,-92.36421283202024,34.64630314226435
0511962,-92.49952067348465,34.697787921044394
0511968,-92.43501941197454,34.788122999581326
05119128,-92.26867862512287,34.717065853659285
05119133,-92.17995760100672,34.57125646519566
05119127,-92.3060924067123,34.59869009503863
0511924,-92.25440839126351,34.81882409439849
0511957,-92.52002426080244,34.907268463349666
0511985,-92.38751407066242,34.73249566587882
0511975,-92.40016778605309,34.75937872118671
0511965,-92.41373128310816,34.80345245691864
0511929,-92.13765599403446,34.90819848025906
0511954,-92.18868851678825,34.75617882285747
0511997,-92.36084452023634,34.74959743826509
051197,-92.35750496629315,34.87361410479515
0511996,-92.35416603592195,34.75774037464806
0511914,-92.28788389761132,34.80503537426557
0511913E,-92.25951449249747,34.886015809201375
05119123,-92.3365087413134,34.685552005246585
0511958,-92.45396412756232,34.82565564592846
0511927,-92.11140494320841,34.94429045740634
0511978,-92.40275619072253,34.729842815094656
0511964,-92.45719305434086,34.78953283476079
05119130E,-92.22519831349261,34.70654949523157
0511922,-92.25911181570949,34.80771094271108
0511945,-92.11855272678493,34.853605477563086
05119112,-92.31937873580911,34.74946770817096
05119124,-92.32284030284517,34.67498548492591
0511948,-92.17343452244685,34.8121292285005
0511983,-92.38546259723697,34.68914409455179
0511912,-92.32564426962043,34.842703407689484
0511963,-92.45522585892685,34.730358343612686
0511918,-92.26616752020206,34.792643991546576
0511994,-92.35008186202147,34.76598928469812
05119108,-92.3309944471091,34.763433303351285
0511990,-92.37352883088145,34.78728471130016
0511977,-92.41702635825034,34.73484249062836
0511926,-92.16999398817826,34.97525245983235
0511943,-92.20171876578976,34.82531829388308
0511920,-92.24926113271425,34.78519940318311
0511913W,-92.30893835462267,34.87750066977769
0511930,-92.15073726775907,34.88961222469906
0511972,-92.40164898916204,34.767898039984544
05119119,-92.29924093943343,34.73110853724594
05119130W,-92.25405632984393,34.704665756139015
0511911,-92.33387921219548,34.82876974603484
0511981,-92.41350930367331,34.64602873460202
0511976,-92.41051656255962,34.74944546938497
0511979,-92.42678947029073,34.69055409042235
05119129E,-92.1874188696582,34.693972015741615
0511925,-92.2422808260421,34.82028884461478
05119102,-92.35373083825034,34.691991823227305
0511910,-92.3257163732942,34.79814697611947
0511982,-92.37919386995694,34.655828149788874
0511959,-92.58998694313196,34.79004547595219
051199,-92.37034622254016,34.82491286368536
0511931,-92.22356518524145,34.86447077952392
051194,-92.41984430616193,34.849356111057894
05119132,-92.22067629318593,34.54405496453338
0511998,-92.36306565891967,34.73283065042696
0511942,-92.2190917864202,34.8249124249758
0511966,-92.42795329692959,34.796597156084516
05119129W,-92.24351044877197,34.73415754859813
0511999,-92.34989868201825,34.72455394664479
05119109,-92.31384959994591,34.757541646625114
0511992,-92.34914142930548,34.77325996075266
0511934,-92.12156917185303,34.88250548808278
05125061,-92.5083915346708,34.56060243489655
05125037,-92.48400135360382,34.61338748766867
05125058,-92.56717171566505,34.59755296121999
05125021,-92.38082044736817,34.602186263034945
05125032,-92.54653146834012,34.618576329165094
05125033,-92.59706528134404,34.644330050309144
05125045,-92.56674458759176,34.545108505086866
05125042,-92.56466120790053,34.57861618652699
05125052,-92.59604779705379,34.5885340049001
05125055,-92.58287361553697,34.568358475527845
0512505,-92.82270099281588,34.61148387269364
05125040,-92.5502104297009,34.556699445413216
05125019,-92.29193738934994,34.53688587788782
05125048,-92.59160248633586,34.56953817873989
0512504,-92.77989191085912,34.6516309601986
05125046,-92.59995382056847,34.55200064194439
05125057,-92.57717045043218,34.57690838107474
0512501,-92.85060534995554,34.804236404968016
05125053,-92.57908134388329,34.56042523998011
05125025,-92.41505205767558,34.621825766403965
05125036,-92.46573918272298,34.59306914427159
05125016,-92.45476664472463,34.49047704017193
05125034,-92.51656713145834,34.6018492037617
05125015,-92.5402479086703,34.488319240335244
05125023,-92.36296471736424,34.5907020605343
05125017,-92.5105044168973,34.54308185697369
05125026,-92.46846504711425,34.64807167770986
05125013,-92.63869920038438,34.50839745884725
05125028,-92.51585825743342,34.63275646292821
0512509,-92.76135411474334,34.54941752214799
0512507,-92.59730000961365,34.71037122850939
05125030,-92.54769701512937,34.63919752967915
05125054,-92.57479003273917,34.56695918027111
05125011,-92.64641113532693,34.564669607754375
05125043,-92.58072171360453,34.5563956454067
05125038,-92.52389450282027,34.584389467777235
05125014,-92.64472553083982,34.44490014476574
05125024,-92.39491062682595,34.6214782289457
05125059,-92.55321703963106,34.58854038793599
0512506,-92.69254564017912,34.69836080434624
05125012,-92.61590854810376,34.49918829455282
05125039,-92.48415195087695,34.63075318381622
05125018,-92.40130133887223,34.538302311094874
05125029,-92.50533275314991,34.66754011516396
05125020,-92.35234339710134,34.537811112739
0512508,-92.67980640395646,34.61719421035448
0512503,-92.91936229633495,34.67379589279752
05125031,-92.59545565068642,34.614517064068444
05125035,-92.4938232452194,34.590114656220436
05125041,-92.56066093820007,34.56823070391802
0512502,-92.86137368111456,34.72979567309966
05125056,-92.59018237315844,34.55942554509423
05125010,-92.70152172344557,34.5107946233232
05125060,-92.58765455697205,34.54791576751156
05125047,-92.60938647300934,34.553627587183605
05125051,-92.6011318730061,34.574505358069224
05125049,-92.59404675722531,34.56511635814313
05125022,-92.42279491405387,34.59498504964097
05125050,-92.61227458962121,34.56292067572552