0603141080,-119.6660523858082,36.34107081547768
0603151530,-119.63614536748669,36.33726852038424
0603151610,-119.63827409347688,36.33602057031687
0603151465,-119.64412521983634,36.338896821410984
0603151605,-119.64150867848812,36.333508916239815
0603151635,-119.6390337407447,36.329388618469636
0603151650,-119.64080641627962,36.32630960893414
0603151460,-119.65061371148126,36.33351741075558
0603151490,-119.63047957250394,36.360907800823036
0603151670,-119.62988185273973,36.359344213102574
0603151485,-119.63518262356621,36.35967712298041
0603151810,-119.61964680051098,36.349147463627716
0603151546,-119.6226218547579,36.33368652349939
0603151506,-119.6250034260519,36.346875883159505
0603151550,-119.62638185543857,36.3446219589149
0603151525,-119.62591994000317,36.34064806511507
0603130915,-119.8426397720816,36.36901138510823
0603131025,-119.86972943551115,36.394268386746575
0603131070,-119.90115267454618,36.39439587578643
0603130970,-119.79006551650005,36.343487824025345
0603130845,-119.77107459715847,36.31789369560882
0603130840,-119.77581960115371,36.31601916611635
0603130860,-119.78306582672069,36.31432230846197
0603130910,-119.88788990643022,36.28421089504277
0603110070,-119.9239450701127,36.274626835297404
0603110005,-119.78019536479282,36.30903758388034
0603120625,-120.09258332329239,35.91464857250725
0603141330,-119.64145579764842,36.24043545396846
0603141335,-119.64076315078364,36.219691157848814
0603141315,-119.64936281379332,36.21771702309635
0603141310,-119.65940648608948,36.23052484911952
0603120700,-119.63965325531787,36.20290277717653
0603120725,-119.65935760007184,36.1855650732812
0603131060,-119.68754545372788,36.41887437287994
0603130950,-119.68939889717896,36.383370904213955
0603130930,-119.71573478442204,36.39871273116872
0603130791,-119.67533752786748,36.35539680919426
0603130780,-119.67532051864218,36.34807034157739
0603130792,-119.67006694579955,36.3474278514448
0603130981,-119.67957034306099,36.35165222958347
0603141410,-119.67955043786466,36.33977637025878
0603151475,-119.64510019982414,36.32890651526232
0603141095,-119.64852494389241,36.32861645685242
0603141090,-119.6518222842496,36.33024657460819
0603141110,-119.65119366462248,36.32546360234866
0603141170,-119.64414408463102,36.319420766664095
0603141165,-119.6396410088573,36.31158298316191
0603141185,-119.64383912758682,36.31042203214143
0603141160,-119.64637030364685,36.31153904116415
0603141145,-119.65212778764707,36.31126904592082
0603151600,-119.63595560887563,36.343077944955894
0603151615,-119.60358273535323,36.32973011206098
0603151835,-119.6143870981928,36.3329699915769
0603151710,-119.61777400936084,36.33876422011016
0603151715,-119.61286291389708,36.326502251623765
0603151575,-119.6134436702882,36.325434792133585
0603141345,-119.6859221488881,36.31692758714623
0603130980,-119.70531052784467,36.35763968403211
0603141375,-119.70454979828328,36.329956254135126
0603141340,-119.71524483042049,36.3358753238971
0603151470,-119.65288478168839,36.338763537437764
0603141190,-119.65687173242887,36.3354470991485
0603141105,-119.65447378958412,36.32923300899065
0603141100,-119.66340390470647,36.33827178011694
0603141225,-119.66259304624639,36.33182701879836
0603141265,-119.66457457533625,36.32655279238026
0603141275,-119.66516701445656,36.325028958144465
0603151591,-119.62737558077333,36.312400024409285
0603151500,-119.6324671972385,36.353558518290306
0603151495,-119.63237275721465,36.34853469935624
0603151505,-119.63145553590586,36.34492960651833
0603151830,-119.63274114886377,36.34014612294288
0603151820,-119.63417141005209,36.34326588603288
0603130975,-119.82551592844085,36.27919208347212
0603110015,-119.80330835959296,36.26632100297771
0603130782,-119.68212485521457,36.34615161798012
0603141412,-119.67178121376699,36.33821864636913
0603141260,-119.67528350579938,36.32359497800032
0603141230,-119.67693960477264,36.33140230939206
0603130865,-119.78608831146013,36.31767636369992
0603130855,-119.78608015658003,36.31753948002759
0603130870,-119.79531879042574,36.31429738221843
0603141435,-119.67071184624149,36.29978105231256
0603141385,-119.67489191839663,36.3019310389668
0603141130,-119.67647374575283,36.29406996934872
0603151705,-119.61248221124745,36.318594872887104
0603151595,-119.62515279440063,36.338577305690144
0603151625,-119.6247924797131,36.33669939549213
0603151640,-119.62687637595405,36.33647931935517
0603151545,-119.62666803394244,36.331736925553244
0603151620,-119.6262266404261,36.32579010643196
0603151515,-119.63161139361952,36.33651186932171
0603141355,-119.70561807215978,36.31372418551522
0603141350,-119.71361566661432,36.3151507541274
0603151510,-119.63924536485997,36.34478162697818
0603151535,-119.63648304642143,36.34215769167085
0603151455,-119.64376037026778,36.344666911447746
0603151590,-119.62380691120613,36.31070588061702
0603151706,-119.62801218165167,36.32128882150308
0603151630,-119.63227341148273,36.319216804914554
0603151720,-119.62907012398075,36.30962188875801
0603151585,-119.63275295037498,36.31292206757769
0603151845,-119.6335686461369,36.30956807818258
0603130830,-119.63747117085902,36.37128181090243
0603130960,-119.63907896979005,36.37036519980925
0603130961,-119.64337222203248,36.36888047685377
0603130825,-119.6383933123284,36.36041382659478
0603130900,-119.83209677257705,36.26187883842195
0603130895,-119.83880508880216,36.297430103487606
0603130835,-119.83910523632915,36.289588479786076
0603130905,-119.86115632380644,36.27943708437061
0603131035,-119.92598238853608,36.38181795440665
0603130880,-119.88470913992877,36.36393028226861
0603130885,-119.8786082175131,36.32769164162613
0603130850,-119.81713323934342,36.29565246782667
0603110050,-119.7538054559972,36.29863111373825
0603141445,-119.73683735365151,36.26617156643737
0603141220,-119.68085327677535,36.30170097012439
0603141390,-119.7015424168134,36.30205659393924
0603141380,-119.70396588827809,36.26936192755086
0603141300,-119.6818514023628,36.225660744104104
0603141360,-119.70127568141523,36.217151396812845
0603141365,-119.72223141753533,36.21834983475772
0603120730,-119.7108899680961,36.17694381829473
0603141450,-119.73935536803381,36.29862179598485
0603151765,-119.62159651243935,36.30136761926733
0603151770,-119.62722810007327,36.30205199325078
0603151760,-119.63337751446274,36.30288354897476
0603151780,-119.62794628818233,36.29129162642098
0603141285,-119.63944694312612,36.29996075358995
0603141420,-119.64328122560438,36.30663435119286
0603141295,-119.64117567065324,36.30234907917047
0603141321,-119.64190140752534,36.29320484442086
0603141320,-119.64013009785354,36.291923962343226
0603141150,-119.65106657477305,36.30252113407627
0603141125,-119.64500027221253,36.29545598485915
0603141120,-119.6424167912199,36.28298285100265
0603141325,-119.63931646142105,36.278067763987
0603141140,-119.64147186771116,36.27457866100122
0603141115,-119.65050018406032,36.28794040600798
0603141175,-119.65419206416877,36.30587780716497
0603141281,-119.65841398048022,36.30364024864038
0603141280,-119.65734892431232,36.30008170633942
0603141195,-119.65693685847302,36.29516500021385
0603141305,-119.66015407718845,36.29372022223106
0603141270,-119.66617894556913,36.30215673621733
0603151540,-119.63133319174128,36.3341792061786
0603151516,-119.63351495957448,36.33860142564284
0603151826,-119.63296970619923,36.332538353552096
0603151825,-119.6349960830137,36.333171036947924
0603151850,-119.63242122631995,36.33010458935418
0603151855,-119.63357471003901,36.3261447074181
0603151840,-119.62475581410436,36.3219307064772
0603141430,-119.68419221613786,36.32446602185951
0603130820,-119.64527787892642,36.349329027837506
0603130815,-119.64718795972792,36.350894098244346
0603130770,-119.64982958151202,36.355912798195774
0603130765,-119.6521561517317,36.35484822538546
0603130800,-119.65114240890027,36.35220024122506
0603130805,-119.65170812847694,36.346295129247665
0603130955,-119.65304574685582,36.369861446735065
0603130735,-119.65910148946323,36.363302578497866
0603130747,-119.63831911123044,36.35789703191607
0603151565,-119.63838636530907,36.35637361361313
0603130740,-119.64285369384112,36.36312924420888
0603130775,-119.64378934251847,36.3563379147096
0603130745,-119.65089477708185,36.36460807258328
0603130746,-119.64499151830965,36.35867460860719
0603110135,-119.84987691594404,36.24804775541524
0603110150,-119.81406272588148,36.18841836955419
0603110125,-119.81719302057394,36.193942507313835
0603110155,-119.81843088278802,36.18875589062497
0603110165,-119.82416869547484,36.191083025573434
0603110106,-119.82124997893634,36.184378264713125
0603110105,-119.8230407678808,36.18297581782992
0603110145,-119.82518966656046,36.18381200208592
0603110060,-119.75118241373195,36.25437136435948
0603110025,-119.77525240352999,36.301508895389496
0603141306,-119.66246024802311,36.294194890705356
0603141308,-119.66337824683572,36.29527760571317
0603141307,-119.66284482044556,36.28726424994888
0603141141,-119.641458028047,36.268915810854544
0603141405,-119.6414807093397,36.26034085845886
0603141135,-119.6504365091224,36.273561387264294
0603141400,-119.6546259161961,36.261394963659065
0603141395,-119.66495451182725,36.25314869796946
0603151800,-119.62789612344952,36.24041999779653
0603120715,-119.61124232604892,36.20437259296171
0603120695,-119.63133271745808,36.18012307668805
0603110030,-119.7852957433423,36.28048574746481
0603110040,-119.79484005218873,36.290493474565416
0603110000,-119.79435798969853,36.282225076147185
0603110020,-119.7923204183279,36.275684421870245
0603141440,-119.7401492742993,36.218353092696844
0603110065,-119.78262097964414,36.21144320411859
0603110110,-119.79804961915596,36.196888166840026
0603130875,-119.81426338779967,36.373920636949336
0603110120,-119.80725052330119,36.16045758069386
0603110115,-119.82620226986047,36.159736368128065
0603110085,-119.84250005499071,36.16982008585372
0603110090,-119.85086674146136,36.148021821603734
0603120375,-119.82884074078822,36.088761225913395
0603120660,-119.60758181663749,36.15557529567804
0603120691,-119.63168575366115,36.163605821368705
0603120540,-119.61471993809614,36.12460556839114
0603120671,-119.6414245860255,36.163731384654305
0603120670,-119.64130756234523,36.14902854094675
0603120480,-119.64886619982778,36.127001476740645
0603141235,-119.66877603259,36.317688532127995
0603141200,-119.67678793669185,36.31672121696989
0603141240,-119.67074564928997,36.31171784308634
0603141242,-119.67053382781789,36.30770702214275
0603141205,-119.67607773280115,36.31086492177058
0603141222,-119.6764159995226,36.30747703451178
0603141221,-119.68039916386581,36.31008470743037
0603141231,-119.68661651171799,36.336264223090474
0603141416,-119.68595778040128,36.32904857142925
0603141415,-119.6893149368265,36.33088993448943
0603130795,-119.66156737163236,36.3584442880293
0603130755,-119.6572697287073,36.35527148857702
0603130750,-119.66037532440984,36.352253431857875
0603130760,-119.65721152387277,36.34619751120421
0603141085,-119.65747274957705,36.33983882826511
0603130790,-119.66721955859435,36.352597631508736
0603130785,-119.6618269365601,36.345520210278785
0603130990,-119.66554629586165,36.346483796363394
0603151560,-119.63940624346603,36.35322027862989
0603151570,-119.63943010327212,36.348534608865116
0603130810,-119.64379497970883,36.35471937807094
0603151480,-119.643757265596,36.348070629486536
0603151815,-119.63606948935072,36.34560878840174
0603151885,-119.62666827904607,36.4363091745413
0603131065,-119.63984313340572,36.43216016054953
0603110095,-119.84769310779117,36.22056271194521
0603110130,-119.86414321481355,36.21581694511331
0603110055,-119.76966795507005,36.28808480767119
0603110010,-119.78493148341488,36.299068741526824
0603110045,-119.78911256300364,36.30329285424293
0603110035,-119.79725715405272,36.29903503803661
0603110080,-119.86259045646706,36.16829400761162
0603110140,-119.87225697844552,36.165586194548965
0603120380,-119.89078160568471,36.13118210075575
0603120615,-119.8423279989287,35.99691824123178
0603120285,-119.57431904425144,36.107176389298196
0603120325,-119.57644365318278,36.097838700010335
0603120280,-119.57990015178147,36.104446892034424
0603120270,-119.58447427124767,36.105132566716286
0603120320,-119.58248727916487,36.09534044261009
0603120205,-119.58363479180123,36.09780926803254
0603120300,-119.57656691787238,36.088964368026176
0603120195,-119.57824574259189,36.081662355421116
0603120605,-119.58009745017463,36.08628167749762
0603120311,-119.58357644202226,36.09261965491219
0603120312,-119.58681072034034,36.09263879109726
0603120206,-119.5876808788503,36.09768086284621
0603120420,-119.59093443628026,36.09491998573292
0603120313,-119.58874459084373,36.0926226086452
0603120606,-119.58783705204729,36.08712405236108
0603120400,-119.59864502669619,36.08166266669054
0603120690,-119.61771942164269,36.163458340184
0603120485,-119.66009334113946,36.11207997192186
0603120455,-119.60812800651588,36.08328667198239
0603120545,-119.62039310400245,36.10520210852615
0603120630,-119.86434210200733,35.871726950143035
0603120175,-120.1160093542466,36.03119044523843
0603110170,-119.97813640684689,36.15242526904257
0603120635,-119.9672821887644,36.096169109194726
0603120616,-119.95424026292014,36.02936607904363
0603120620,-119.96149872420902,35.999361918755206
0603120350,-119.56178830611998,36.094116269381544
0603120220,-119.56364046899988,36.11033032267237
0603120345,-119.56963240795126,36.1072952109332
0603120355,-119.56869407377495,36.101310690885086
0603120185,-119.56636226795064,36.08168148484678
0603120495,-119.5459376043891,36.07408994510598
0603120190,-119.54543917925925,36.05735824434123
0603120180,-119.55901554252459,36.0638913389866
0603120385,-119.56522795322653,36.0544601550143
0603141155,-119.65275832129694,36.31724409058822
0603141255,-119.6593346069645,36.320245642649844
0603151805,-119.5928780063309,36.24747241936652
0603151860,-119.53812489101298,36.21862304033752
0603151795,-119.55603638184253,36.218572488411716
0603120680,-119.55392799850374,36.20328079607575
0603120666,-119.55106095065297,36.187885134728056
0603151806,-119.58735243712444,36.21411230257996
0603120426,-119.66501166315922,36.09897763921161
0603120427,-119.6558437635271,36.091767573142064
0603120425,-119.66872876892046,36.09131777998127
0603120405,-119.5539232414317,35.9942284860174
0603120585,-119.54895173010392,36.13002479481795
0603120210,-119.54788072156235,36.11074437132264
0603120475,-119.54813769842995,36.112269719981455
0603120255,-119.56105185034056,36.136310286674906
0603120560,-119.56576661629073,36.12540828842595
0603120551,-119.56380890733581,36.120223653187175
0603120525,-119.56569917330093,36.119204574600325
0603120550,-119.56708306623472,36.120887661087714
0603120520,-119.56482910497556,36.11403452244016
0603120245,-119.5672402409084,36.11698596852628
0603131050,-119.64793040380363,36.42853311392973
0603130940,-119.64665158309971,36.40012194829125
0603130925,-119.65978193499622,36.3981414447226
0603130945,-119.65962519417491,36.37360303082141
0603151501,-119.62718803200335,36.356669005320605
0603110100,-119.83374453868382,36.19888041666104
0603131020,-119.82467147606783,36.39455115348922
0603130920,-119.82668611445686,36.34936656583776
0603130935,-119.75553722403683,36.387917912206134
0603131055,-119.77783230794465,36.39543790245539
0603131075,-119.78007196190624,36.3820191102841
0603120340,-119.56835095743936,36.09667835049815
0603120290,-119.55646663125239,36.092595971199124
0603120240,-119.55755662090164,36.09015559982919
0603120365,-119.55956245191621,36.0915262377987
0603120215,-119.55605416725356,36.08173076320469
0603120216,-119.55771757297316,36.08337825000884
0603120225,-119.55744573701327,36.07774748348359
0603120330,-119.56981846410244,36.08895214887073
0603120200,-119.56437621787865,36.08560285553415
0603141180,-119.660504793559,36.31551245892585
0603141425,-119.65256961782451,36.30752641766293
0603141245,-119.66429519160499,36.31231551806604
0603141250,-119.66078276620703,36.30981500013006
0603141243,-119.66588284190071,36.3073645855265
0603151740,-119.56533498125837,36.27739769650681
0603151790,-119.53893340634306,36.256449098831055
0603120710,-119.57874282401684,36.203654326664065
0603120705,-119.6025789481015,36.1871388609861
0603151775,-119.61448728489457,36.29117560943963
0603120390,-119.62589504196605,36.07067776887317
0603120580,-119.65158486113054,36.09560911676925
0603120584,-119.64712518516527,36.08460710126319
0603120590,-119.64456176455839,36.07992246695308
0603120460,-119.65022045087412,36.08229324495065
0603120410,-119.59084925695147,36.022110665659596
0603120440,-119.5974367208932,35.96835403335372
0603120448,-119.62092202654969,36.02699687600312
0603120465,-119.62104841891056,36.014222880000105
0603120430,-119.61200468231667,35.98860128476573
0603120720,-119.66943856576776,36.14847985819529
0603120505,-119.67625830709966,36.13040201587149
0603120575,-119.70131505180163,36.13044237724943
0603120570,-119.68632793336037,36.118318418651334
0603120446,-119.72983032902366,36.13437104436756
0603120395,-119.67609444606525,36.09963966173642
0603120447,-119.73919910680603,36.135155816902355
0603120645,-119.74398123922127,36.12177808548387
0603120335,-119.56931291415208,36.112086309138135
0603120595,-119.57554307293013,36.13233104251535
0603120260,-119.5709402005252,36.12408741702576
0603120265,-119.57328085811788,36.11785850526559
0603120275,-119.5743774825292,36.11523006565026
0603120250,-119.5731946073677,36.11157993657842
0603120555,-119.57857218180337,36.11804131091631
0603120530,-119.58269135678829,36.11775201718119
0603120510,-119.55353703002307,36.103367410771064
0603120230,-119.55273342978755,36.098453568157446
0603110160,-119.91673985008558,36.19762056657247
0603131030,-119.94244129812809,36.390227972761515
0603131040,-119.9381851797666,36.3702136384537
0603131045,-119.95068144241148,36.36521881190849
0603130890,-119.93408063706886,36.32663395160291
0603120665,-119.559701085899,36.175497172547516
0603151895,-119.57382302434928,36.44871597608853
0603151880,-119.59841413613995,36.44581652482127
0603151890,-119.60806098078396,36.45806651038014
0603151875,-119.62408991456167,36.44899536563748
0603151675,-119.54125489884441,36.429851737238465
0603151685,-119.53795184495378,36.40939149043302
0603151695,-119.55580053943383,36.39725663884744
0603151690,-119.59924580339413,36.4057155914792
0603151750,-119.56559509056807,36.35490069546814
0603151735,-119.5422055204409,36.309090380301946
0603151745,-119.5854941104923,36.37151779407192
0603151730,-119.58163182969527,36.315477192965666
0603130995,-119.74963329216271,36.34844773961279
0603141370,-119.74036440619685,36.33352476033086
0603130985,-119.75011587053818,36.339387591301055
0603131005,-119.75377132931806,36.33234774580496
0603131010,-119.75377078922004,36.32076264033405
0603131015,-119.76394722256664,36.31901917116968
0603120370,-119.78896500618865,36.127014278945346
0603120445,-119.67020749953524,35.96625746420808
0603120450,-119.62399880839203,35.834965142902234
0603120470,-119.64398372555432,35.82437755779133
0603120650,-119.55972248177704,36.14903838802366
0603120490,-119.54113266104108,36.08603137947201
0603120500,-119.5481979501642,36.08708779378005
0603120295,-119.55476754755702,36.10749308760622
0603120515,-119.55626782129053,36.108390507839424
0603120360,-119.56095329496891,36.10165516914445
0603110075,-119.84585947100246,36.18514462419083
0603151865,-119.5353685628366,36.466160038035305
0603151700,-119.50841680162809,36.39216871225886
0603151680,-119.52123070384499,36.39881393607264
0603151665,-119.49195345422517,36.359761791202644
0603151755,-119.52144581763127,36.37096795288679
0603151655,-119.50319062160689,36.30685914833488
0603151656,-119.4832429470568,36.27242368584248
0603120667,-119.53643784386652,36.16524792911768
0603120685,-119.53516257666321,36.15190792863935
0603151900,-119.55318760269533,36.44866764584866
0603151870,-119.56584494334444,36.468895710263624
0610754445,-119.07387382458545,35.94521749459349
0610710360,-119.15651118740496,36.069536819382634
0610722000,-119.25910347481054,36.10153534179244
0610721995,-119.13467679554122,35.899128634593076
0610754480,-119.07989177923982,35.860475885391004
0610721540,-119.23494419922451,35.88225912990689
0610722425,-119.23427100669002,36.11012591671186
0610722045,-119.21384082439465,36.09370208667975
0610710075,-119.18645839227038,36.07544516943432
0610722005,-119.21043157120565,36.018638305888835
0610721850,-119.18772867840936,35.97840163128793
0610710005,-119.22626967914006,36.05661062037115
0610710050,-119.18886812301078,36.04578886276621
0610755255,-119.01971390879959,35.97989646195362
0610754570,-119.15232417025756,35.99343044798881
0610754395,-119.15209025519673,35.971623669868215
0610721870,-119.13454784283866,35.94256050988078
0610721820,-119.1168195332174,35.87026652533882
0610755425,-118.99210376386003,35.918596012260544
0610755110,-118.99147563156531,35.95094899948611
0610755435,-118.88608611401095,35.84974383925295
0610754385,-119.08465847648871,35.79798723889251
0610721505,-119.21043375205353,35.83081314708652
0610721800,-119.4784208903036,35.865777944245835
0610721615,-119.14482206213815,35.82939521676737
0610721905,-119.30752083123747,36.091382700534695
0610722160,-119.339828945772,36.0837901165272
0610721750,-119.29069625931022,35.96873615976347
0610721910,-119.40990782237627,36.06810924177131
0610754515,-119.02701212719806,35.96784644094772
0610754590,-119.02709553702897,35.95320553552649
0610754485,-119.05002934685426,35.932688356383714
0610722060,-119.47740640042589,36.008081581248646
0610721475,-119.38903647393992,35.83030983406234
0610754965,-119.11678858466244,35.991294811861245
0610754520,-119.09227927795526,35.97203204487033
0610721640,-119.36232770964227,35.93145896905753
0610721455,-119.39933892683855,35.9231206493895
0610721960,-119.31763160095751,36.046245953431715
0610754545,-119.04818251971959,35.8982563431755
0610721585,-119.3254814690967,35.863649923847724
0610721715,-119.32600740010119,35.9700111356978
0601943035,-120.13238419647753,36.35328863975437
0601942740,-120.07319194924192,36.21217198640985
0601942735,-120.09811731782126,36.203286694654594
0601943040,-120.1486616945703,36.29878803678783
0601943041,-120.17572068538672,36.30576141348333
0601942865,-120.22084876037502,36.31975209350391
0601943045,-120.26850272950816,36.37635928979816
0601942870,-120.11113990619891,36.19877216555212
0601942880,-120.30982231860833,36.193746717917975
0601942882,-120.29489801947534,36.16096782243393
0601942395,-120.35460349462853,36.14602070951175
0601911080,-120.16988734481045,36.58509595175153
0601910480,-120.1801169843381,36.598669362287154
0601943080,-120.07248884344533,36.55851304057301
0601911030,-120.10776364499517,36.535632715699215
0601943025,-119.99832569304216,36.423057804761754
0601943030,-120.02652852972118,36.38454739344473
0601943000,-120.05816546102771,36.407910389758264
0601910610,-119.9874741806849,36.740454485632895
0601910570,-120.01954639550476,36.77497625239822
0601910530,-120.0016925843793,36.76047444486598
0601910980,-120.09025485577563,36.48825798604336
0601910960,-120.07039126149535,36.44184881895873
0601910965,-120.10914746670518,36.46952501608835
0601943020,-120.02180588030588,36.306251464419965
0601910740,-120.01638700749177,36.71330864409014
0601910385,-120.06022140740686,36.735204847029365
0601910750,-120.39488578773242,36.81468041348255
0601910745,-120.41509120398163,36.80847116964696
0601943745,-119.60799519909523,36.55073892395047
0601942710,-119.62649253948683,36.558032777435685
0601942715,-119.63287717955843,36.565058990842275
0601942830,-119.62422520167209,36.552239673060896
0601943615,-119.64512655330928,36.52749198497874
0601910970,-120.11558668210905,36.44501918368467
0601911085,-120.16071966469406,36.56757170257974
0601910985,-120.16976246471229,36.47501326356215
0601943970,-119.84635800474582,36.42589335856918
0601910420,-120.05002938953687,36.72516814393015
0601910395,-120.05208456519894,36.72539095976322
0601910390,-120.05697445648671,36.7229925041708
0601910800,-120.39095499955515,36.784014400978414
0601911000,-120.43948731490259,36.82800966764797
0601910450,-120.39262578409941,36.76052182417844
0601911025,-120.48857874923945,36.904600338494014
0601910375,-120.47121302511675,36.875054242898095
0601910995,-120.52461767700467,36.84897024622429
0601943530,-119.61340191338302,36.49278797168427
0601943525,-119.63495227502916,36.44943825074013
0601943555,-119.64228243212318,36.47559298680305
0601943625,-119.65597056372539,36.50001882890085
0601911180,-119.78646092933991,36.64320767553002
0601910835,-119.92058375544283,36.65612124138164
0601942810,-119.88204996836475,36.56943044582234
0601911155,-119.92569104294019,36.633607705691425
0601943495,-119.80848651198815,36.52437363096969
0601943215,-119.63431786242946,36.572523542812796
0601943190,-119.66239224905682,36.63342663255386
0601943460,-119.8327470071786,36.411744206298756
0601944095,-119.85470927526342,36.432450377692284
0601943985,-119.84690258358995,36.42485807536282
0601943990,-119.84916937102493,36.425454017314465
0601944045,-119.85318981299554,36.42933715015238
0601944050,-119.85455374496814,36.42784240448739
0601910565,-120.07662572666536,36.813616884310974
0601910715,-120.08491518623336,36.77418024901809
0601910705,-120.12368847764661,36.80027579602215
0601910400,-120.06267113089008,36.7268632779853
0601910760,-120.10286950522962,36.65494513147253
0601911050,-120.09093543657217,36.61962786256648
0601910910,-120.14229418055997,36.691546640634755
0601911075,-120.15258544770886,36.60006723363376
0601911055,-120.18605415063146,36.63462009306985
0601911060,-120.18160687474875,36.61456837486684
0601910460,-120.18792918589794,36.608062729848065
0601911290,-120.78523277158979,36.71694449422372
0601942780,-119.67682234495862,36.67000633468631
0601944190,-119.69813850916078,36.69393150208776
0601943195,-119.69129076287615,36.66100303177953
0601943165,-119.71343982337324,36.68554095899998
0601943635,-119.83369322681669,36.55717128294186
0601943640,-119.84502707575767,36.539906850350086
0601943500,-119.80979768274713,36.502768818637996
0601942890,-119.91561530485382,36.46844652326574
0601910855,-119.93445359357226,36.67496457473405
0601910600,-119.9522244872191,36.69880967608947
0601910860,-119.9477162670279,36.68793898674582
0601943220,-119.63620549389148,36.597081859323225
0601911365,-119.75031515461224,36.62712486928178
0601944140,-119.73894966052289,36.604353951638366
0601944130,-119.752198976418,36.603575076967026
0601944135,-119.75297870404972,36.60583759522349
0601943995,-119.85655588483891,36.425884078590975
0601944010,-119.85653576016458,36.42512875537162
0601944040,-119.86155755370376,36.43634752988147
0601944080,-119.86195113064588,36.43313695871276
0601944020,-119.85942396876413,36.429317064574846
0601911320,-120.65685214454527,36.66180076644299
0601911120,-120.60718013145251,36.55332840801059
0601910410,-120.06211545756938,36.72263055617122
0601910405,-120.07028297370196,36.72999791416452
0601910415,-120.06856907000706,36.7157640076311
0601911305,-120.62930516494205,36.91160514920626
0601911300,-120.61999219467616,36.87539877422107
0601911010,-120.59363890310813,36.79282667689184
0601911315,-120.67718286657609,36.80772905061745
0601942875,-120.47026450839881,36.162199767027374
0601944150,-119.72588763511489,36.69881918901633
0601943185,-119.72617987113394,36.68592504228321
0601943175,-119.73400402463007,36.681331654470505
0601943160,-119.71975571069896,36.666160505601866
0601943715,-119.73796441064313,36.56238607787396
0601943705,-119.7393255090618,36.565264389813024
0601943455,-119.80657725649388,36.451706284682324
0601943490,-119.84734074051961,36.48486287271274
0601943145,-119.96016724208324,36.585411029948624
0601911230,-119.98914492722548,36.6332143144905
0601942660,-119.56453744825367,36.7103257061313
0601942675,-119.56476764682162,36.705986891373485
0601942670,-119.56568452630813,36.70161697923746
0601943135,-119.78273718123046,36.615313909604666
0601943140,-119.79722972500942,36.61778614511865
0601943120,-119.77653829810365,36.59542502760466
0601942820,-119.76840384361238,36.57270675687238
0601943125,-119.79924101624623,36.59414046029701
0601942815,-119.79088819290304,36.57267412997732
0601943470,-119.85494998366951,36.4094858863852
0601944025,-119.86682237968229,36.43082145649
0601944060,-119.8676272917117,36.43276081283764
0601944090,-119.86754778973462,36.43140739493705
0601910905,-120.07714481719034,36.707105649515576
0601910380,-120.08067962096831,36.72737464040578
0601910730,-120.09742759601002,36.73524211925498
0601910710,-120.1596845103402,36.782058724603814
0601910720,-120.1503828168211,36.74200848407231
0601943130,-119.72733393856699,36.65259149824671
0601943115,-119.72734244638575,36.641693105276396
0601942400,-119.6736215318413,36.62436047881093
0601944155,-119.68856184668175,36.5989753248336
0601944145,-119.73211464192062,36.58243594107466
0601943515,-119.74158950822759,36.54014834766892
0601943710,-119.76838191515449,36.565497281135194
0601943700,-119.78768615882002,36.55770946240876
0601943510,-119.78658638574694,36.54006685965681
0601943445,-119.77857039273721,36.454819995679024
0601943440,-119.79519484587728,36.4697002818482
0601943560,-119.6558800074874,36.43460607504567
0601943605,-119.68488477584178,36.43284558063043
0601911145,-119.81159450863365,36.678785513998236
0601943475,-119.8383800686215,36.457742106447
0601943485,-119.84033230157272,36.43805190421367
0601944100,-119.86138776817695,36.44401628482584
0601942805,-119.87204009298303,36.565240472100655
0601943505,-119.87210577542038,36.55433862377584
0601910920,-120.00470454787163,36.67379398252725
0601910925,-120.0159825402399,36.65485828867066
0601943085,-120.04358990878522,36.5892161230672
0601910765,-120.19517249497564,36.65320584999805
0601911095,-120.21860484968185,36.63781067698482
0601910780,-120.22932645762565,36.66728439934851
0601910790,-120.2403998165377,36.65657407995227
0601942655,-119.57825458168124,36.71253796938106
0601942665,-119.57861570697646,36.70281707859946
0601943775,-119.4765084342202,36.56888712005616
0601943720,-119.50859659577726,36.56044468392878
0601943520,-119.51236199390412,36.54389590989808
0601911015,-120.5820868245039,36.84451178994716
0601911125,-120.47738140623747,36.75401125107281
0601911310,-120.57523977405671,36.8145027738804
0601942640,-119.54180132271344,36.68924105078724
0601942645,-119.55027586242552,36.69792354445811
0601942685,-119.55351139227284,36.68430844520984
0601942881,-120.24125849172677,36.13008590347781
0601943740,-119.67281401853622,36.56097884787626
0601943570,-119.67936669538135,36.507278762125495
0601943565,-119.7120348137205,36.525182102818256
0601943575,-119.7101161325549,36.44449824963301
0601943580,-119.7265145775618,36.45761434286816
0601944035,-119.87268910843662,36.419069052625055
0601944030,-119.86773070565796,36.406637361759614
0601910735,-120.13712414633959,36.730843007591524
0601910895,-120.17300064661532,36.74192057984881
0601910900,-120.19123268710176,36.74180072495257
0601910725,-120.20101308658388,36.76917854831141
0601910770,-120.23235035898668,36.70811077363157
0601911355,-120.56002171152441,37.02682237847935
0601911345,-120.55731285171872,36.961784914607804
0601911275,-119.74449389832633,36.68211598150127
0601910825,-119.82917066974154,36.67564552430462
0601911150,-119.81331111709336,36.64869234108252
0601910830,-119.83968188915614,36.648218564337164
0601911175,-119.79983691314423,36.626963788359156
0601911140,-119.81334368818413,36.626936092490396
0601910815,-119.83123565427532,36.62689552090746
0601942795,-119.89017904812208,36.54014189928945
0601943065,-119.9264435007091,36.55766186698217
0601943055,-119.92541790142415,36.545126896005094
0601943060,-119.9286541394971,36.525224496254005
0601942980,-119.9177166156962,36.50374793889288
0601942990,-119.98043789754591,36.53961073857493
0601942905,-119.93559431365551,36.45254245728115
0601942975,-119.96279036294744,36.4507461514162
0601942965,-119.98896771617183,36.44494630449308
0601943070,-120.02537443655024,36.550136663631825
0601942995,-120.00552211769138,36.51663581922153
0601910950,-120.51970643035993,36.44332291337736
0601943050,-120.3485213134837,36.418611032207075
0601910795,-120.25164994695545,36.64699617046825
0601910470,-120.19866988853138,36.60120042240131
0601911065,-120.20117744983212,36.598976400016205
0601910465,-120.21686262483698,36.59899973317704
0601911100,-120.24177382359343,36.5977865506407
0601942700,-119.56123523668232,36.69967462144948
0601943535,-119.58606329399356,36.53587074806458
0601943545,-119.57993139571975,36.50822907089618
0601910775,-120.26610520989793,36.652332006564365
0601911090,-120.26276508791688,36.62039066251586
0601911040,-120.21308653164937,36.52483003237073
0601911110,-120.32987011622112,36.61956409935661
0601911115,-120.32720584040153,36.58805375317774
0601944120,-119.89151984159257,36.430626392335796
0601944115,-119.89611520850097,36.403573913582704
0601942940,-119.91896312183698,36.43585998749899
0601942930,-119.92736694807107,36.435501181961605
0601942895,-119.91600246756673,36.406010519889264
0601911005,-120.4357143167481,36.835314253347676
0601910370,-120.4503888490541,36.84957018170939
0601910425,-120.36697004626112,36.77372586090513
0601910810,-120.37622021374199,36.76926203628164
0601910805,-120.3355660234813,36.71943549686799
0601911260,-119.75857418397365,36.67461880446238
0601911255,-119.74391131976776,36.66480019215216
0601911160,-119.75443451572586,36.64301454397559
0601943090,-119.83929822483975,36.60011895889845
0601942800,-119.84051773138721,36.57068958745133
0601910840,-119.86603629480419,36.678852128767076
0601944110,-119.87152762261165,36.46164711251708
0601944105,-119.86633419945834,36.43818791461129
0601943075,-120.05242877262569,36.54993387336203
0601942985,-119.99736539618966,36.4632261427565
0601910955,-120.05051189128083,36.47492255173617
0601943435,-119.8143712600694,36.426814126476714
0601911105,-120.24325532464225,36.58356691738414
0601910785,-120.27482939078257,36.69806554334949
0601911135,-120.51357421624026,36.65224435915496
0601942635,-119.5526989444525,36.714569843884675
0601942625,-119.54824689013564,36.70686603191777
0601942630,-119.55144844401022,36.7079764086785
0601942615,-119.55337605399814,36.71915364912603
0601942620,-119.54575742041395,36.71010786225067
0601944175,-119.51166853051619,36.59730671213148
0601942410,-119.51989037961631,36.600710338873434
0601943810,-119.48640373081385,36.64231766606932
0601943275,-119.5341621764253,36.66879458238718
0601944170,-119.50698690290281,36.63851547276807
0601943245,-119.531064441128,36.65212948164885
0601943830,-119.48073273584835,36.61087473725066
0601944160,-119.64169857484175,36.58183142013114
0601942790,-119.6245986677789,36.67022644958205
0601943305,-119.62164001379064,36.6519929588834
0601942775,-119.65581719877207,36.67117961727896
0601942860,-119.60143969763365,36.67040644022204
0601943290,-119.57637995257207,36.65902223943701
0601911130,-120.3652727703528,36.633262819717245
0601911045,-120.38739601712462,36.530308631440526
0601910990,-120.34895877685743,36.45561721508921
0601910975,-120.20424122615415,36.44171254071903
0601943005,-120.10129941603617,36.41063209120609
0601942955,-119.93697768331118,36.43445844917515
0601942910,-119.93833015755393,36.42117897568273
0601943010,-119.9645045328266,36.40819421527794
0601943015,-119.97760204078297,36.324443440538616
0601910550,-119.93864690446412,36.74787044346037
0601910545,-119.95780432016696,36.75587999366229
0601910535,-119.95246960203363,36.7274316541132
0601910540,-119.97900624976438,36.75512336212302
0601910445,-120.37920785167697,36.75712911567995
0601910455,-120.38765976493976,36.746818607135395
0601910430,-120.38350317156996,36.73225763783407
0601942705,-119.6167496379454,36.55602981226466
0601911170,-119.78101000393441,36.67397487248082
0601911185,-119.79102631983936,36.65114020416927
0601910820,-119.87610270446967,36.63778289861633
0601942970,-119.92237397565056,36.48074703946614
0601944125,-119.90065429391767,36.438043700282655
0601942900,-119.91393521880855,36.44021148843306
0601943595,-119.80120788864387,36.41627514734165
0601943450,-119.82082207366751,36.434692673153826
0601943480,-119.83585550745566,36.43368598992161
0601942650,-119.56619835387745,36.71659733795457
0601943755,-119.51030041869168,36.58089390903707
0601942415,-119.52158247085387,36.59830012981395
0601943250,-119.53025649761848,36.59761231861491
0601942840,-119.53447769362553,36.58286103264156
0601942845,-119.49800438345798,36.62260202076254
0601942850,-119.48976646138404,36.61530741829557
0601943785,-119.48344326832773,36.580748075648046
0601943760,-119.49818213233388,36.60147615584118
0601943260,-119.5346199945714,36.621873409893134
0601942420,-119.52404784411917,36.61288777511351
0601943725,-119.54537726267696,36.554175206213976
0601943540,-119.54635551906661,36.536790000221195
0601943730,-119.54065367543328,36.51567599148438
0601943735,-119.543145624115,36.5135303961102
0601942405,-119.55567483633746,36.51992220838096
0601943750,-119.57141929130259,36.56360896603252
0601943620,-119.58118624738105,36.54369814830391
0601943225,-119.595124952178,36.5633914856584
0601942730,-119.60004432976557,36.55722557311644
0601942835,-119.561769736346,36.5801111359233
0601943205,-119.59245953674721,36.60612935957839
0601943231,-119.57048695867732,36.595840664723355
0601942725,-119.59356255686363,36.57103987347446
0601943235,-119.59598588950482,36.58245761459653
0601943210,-119.61631703678775,36.61909795753072
0601942720,-119.61597619108255,36.5764177812629
0601942695,-119.562456002216,36.695543184484094
0601942690,-119.56250035238189,36.69072227497548
0601942680,-119.57687371902999,36.69538411294851
0601943310,-119.59342385647412,36.65858660510073
0601942430,-119.53862760964601,36.609980592813336
0601942425,-119.5452383957911,36.604340441041415
0601942435,-119.54939365488447,36.610133612526795
0601942455,-119.55276258316617,36.603747374161394
0601942440,-119.55509982920495,36.615291087352375
0601942450,-119.56118902099011,36.60211500926958
0601943255,-119.54675083340263,36.59608360844058
0601943230,-119.5636123864815,36.59424398204137
0602950166,-118.86508103247436,35.25990431145853
0602950165,-118.83033120586806,35.26164431697657
0602950160,-118.84513886244592,35.31958373708094
0602940345,-119.48305877266547,35.380265724393524
0602950350,-119.00721326984025,35.32600478745655
0602950030,-119.00895608428651,35.33459955586468
0602950020,-119.00481912334358,35.3489110942006
0602950025,-119.00157340215785,35.34295746228704
0602950550,-118.98896441438504,35.349038831317735
0602910245,-119.0882198131262,35.487131717094364
0602910240,-119.10797661176728,35.514637154728206
0602920295,-119.03462356224576,35.33212634045864
0602950156,-118.81965195147686,35.186740214755176
0602950795,-118.81736782456849,35.19193602787655
0602950835,-118.86911783513332,35.201606657857205
0602950830,-118.86918701527516,35.21618192902163
0602940020,-120.02250571952847,35.58210115606286
0602940125,-119.90421200430963,35.48928195861487
0602940435,-119.41108319014785,35.341445193137616
0602940445,-119.4251536447929,35.37204153790387
0602940365,-119.31071236202938,35.36976480971123
0602940380,-119.29714520546678,35.386042262026734
0602920130,-119.02613677610472,35.311628440861845
0602920145,-119.0148246815518,35.31269130326998
0602950540,-118.9822427746171,35.34420192342016
0602950545,-118.98683504292038,35.35292628590762
0602950535,-118.98103659082913,35.35105141274778
0602950005,-119.00013205549256,35.36142784712177
0602910455,-119.11100870072576,35.445361069543814
0602910480,-119.10629951530782,35.44359872861518
0602910430,-119.10351446893131,35.45171509226074
0602910475,-119.09202993705684,35.44532774944335
0602910410,-119.07934392321593,35.44618359956896
0602950175,-118.87365409784275,35.23680423068626
0602950815,-118.85155108745047,35.245376927644855
0602950775,-118.84931794957039,35.20663268944369
0602950840,-118.84417194809281,35.20872931254415
0602950785,-118.83388656706728,35.1960193133564
0602950825,-118.84662765289995,35.22493592886566
0602950860,-118.82329667012405,35.212928189700705
0602950780,-118.81948919360485,35.21615558735782
0602950800,-118.82102052699373,35.22094449499566
0602950820,-118.84701951740396,35.229911867945205
0602910830,-119.14545305096927,35.718610418710696
0602910815,-119.14918741969306,35.76662646681905
0602940525,-119.50398015643914,35.40591623357286
0602940530,-119.48597914531497,35.406802338908626
0602940060,-119.51065385509153,35.5076540801881
0602940520,-119.46780109646993,35.40129906370548
0602940360,-119.45483785819755,35.39093447948385
0602940090,-119.4590705701999,35.447940609292
0602940035,-119.492698393582,35.634197987101984
0602920135,-119.0162936150453,35.32058306865096
0602950555,-118.99783684957974,35.38143055936937
0602910260,-119.1224224087804,35.481846379272184
0602950875,-118.84291190597779,35.227243720686836
0602950870,-118.83407044363241,35.2305549159778
0602950900,-118.83322571939146,35.23768384221911
0602950905,-118.82997571486635,35.23793717995398
0602950895,-118.82523610878314,35.23784113586512
0602950157,-118.81057391265794,35.1874740634688
0602950920,-118.80693000226587,35.21134035759673
0602950580,-118.92547265615849,35.29031935789838
0602910805,-119.23441573012128,35.783813223383355
0602910806,-119.20974220230956,35.78679859799318
0602910910,-119.12417854452657,35.68120059775689
0602910915,-119.11420495040575,35.71306523736355
0602910820,-119.09159512362776,35.74144025774383
0602940065,-119.47144270879177,35.55017513496692
0602940510,-119.44137918112014,35.52924212008263
0602940500,-119.41009946745179,35.58967626952833
0602940565,-119.38520329534114,35.42031316042238
0602940555,-119.37697994437221,35.449326663392895
0602940550,-119.36714428227636,35.434738759543805
0602940561,-119.34584090177258,35.449182389017615
0602950100,-119.02262915640986,35.26993942128403
0602950105,-119.0227854509314,35.273181590772175
0602950000,-118.99072468688195,35.37654291749914
0602950530,-118.97745141801938,35.35323234931939
0602950315,-118.95514986500534,35.3249835088349
0602950565,-118.96297703529787,35.3536256948191
0602950525,-118.9631420876015,35.35589997979619
0602910445,-119.07852490819697,35.44252385536984
0602920355,-118.94923416213703,35.03982202581013
0602920360,-118.95380886668981,35.07169006252361
0602920350,-118.94649994285862,35.016905029873676
0602920365,-118.9292661243858,35.035927374502386
0602950600,-118.91884520706337,35.279711201706185
0602950635,-118.92299690585494,35.28452816462713
0602950615,-118.91777453691961,35.28518684051108
0602950595,-118.91777667386091,35.29016612723333
0602950300,-118.92826595283326,35.303437515249435
0602950320,-118.92942785143576,35.31669343647115
0602950590,-118.91537299478249,35.32004750342646
0602950195,-118.9032910512749,35.26159767572071
0602950645,-118.90606384088954,35.27419091520397
0602950650,-118.91273420119379,35.28467581560245
0602940195,-119.70535705518522,35.60493993593455
0602940225,-119.65871300261409,35.617512734196566
0602940220,-119.6583540508219,35.61213427957124
0602940545,-119.5043135370542,35.621636351043705
0602940540,-119.45963067378487,35.390841155016254
0602940105,-119.70774517856731,35.5369769776112
0602940205,-119.6919193027517,35.61428256669693
0602910215,-119.29293734881958,35.50807657182984
0602910195,-119.28477871693173,35.48946437773241
0602940585,-119.36352357174589,35.55988991692499
0602940615,-119.39344118263044,35.603181725923264
0602940040,-119.38862836680248,35.64053090331266
0602940610,-119.37314518311071,35.59394126934988
0602940611,-119.35936480881176,35.5887123053154
0602940575,-119.3675682436383,35.60773708191411
0602950090,-119.01880158112704,35.26500778822377
0602950035,-119.01564726710477,35.26265983948946
0602950085,-119.02317955190266,35.27601059265631
0602950080,-119.02387252602848,35.27900595725839
0602950110,-119.02398691199885,35.282283135708575
0602950115,-119.0205457004785,35.27953601019614
0602950055,-119.01513482997092,35.28532110847689
0602940635,-119.17727167549191,35.23547099748899
0602940700,-119.24379256402804,35.28176899562378
0602940350,-119.38675878217272,35.38347777541552
0602950655,-118.910875137796,35.28613483506143
0602950585,-118.90918524891875,35.29012518978945
0602950640,-118.90585104493744,35.28454732417114
0602950170,-118.88367824448835,35.28644169116921
0602950665,-118.91220804634398,35.29259433772734
0602950310,-118.94545048111983,35.33224035375535
0602950706,-118.93893215164087,35.332544589466124
0602950296,-118.93819639572473,35.34027242991385
0602950345,-118.94404491334943,35.35478558428176
0602950690,-118.9412970191721,35.35657710885428
0602910225,-119.32952434604368,35.55268166078912
0602950385,-119.00022415206391,35.27380509635399
0602940215,-119.62819801797947,35.48497085031236
0602940085,-119.58616129370381,35.4310427509489
0602940055,-119.56735849102745,35.46026809107617
0602940590,-119.35063310358322,35.58989628705967
0602910070,-119.28172939661674,35.62127903213584
0602940895,-119.26125018479777,35.40996897250982
0602940405,-119.25797465231847,35.391774331400384
0602910340,-119.26026211934393,35.43155810147648
0602910145,-119.2689278150116,35.44924314610814
0602910345,-119.25740276446726,35.44320713981044
0602910350,-119.25652528025871,35.446278486819004
0602910360,-119.25170346417644,35.44579238067503
0602910291,-119.25783207543562,35.454714903766316
0602910365,-119.24738498885422,35.44542223925169
0602950065,-119.02074035635285,35.29330332714822
0602920150,-119.0165627736078,35.30676918275833
0602920075,-118.89878551492353,35.10884440641314
0602940715,-119.25967094698989,35.29846481107209
0602940706,-119.24751870319427,35.30004806771241
0602940705,-119.21754370101834,35.303372158923956
0602940375,-119.26125285087491,35.3706400419546
0602910270,-119.13757809270236,35.44917904585701
0602920400,-118.76030398610334,35.2592482380864
0602950370,-118.99983058699007,35.2896059265902
0602950230,-118.98183398032201,35.273292120653814
0602950380,-118.99381482077746,35.27831407427717
0602950371,-118.99436802060609,35.284770783527705
0602950460,-118.98617048936687,35.279624280385676
0602950485,-119.01009607436237,35.29708079997376
0602950475,-119.00719538336826,35.30164810627893
0602950372,-118.99701570315042,35.294066571366336
0602950660,-118.90268470709556,35.28795772365968
0602950700,-118.93424836047429,35.34871520047005
0602940175,-119.58661303558674,35.536763574617325
0602940030,-119.5965977950451,35.63635854621443
0602940025,-120.03592174290557,35.71185177594619
0602940000,-119.78157450816202,35.68940146086957
0602910891,-119.24040891967934,35.73206006829695
0602910875,-119.22747995357172,35.74333163521699
0602910860,-119.21413141009279,35.732392055450724
0602940630,-119.15158204341513,35.17409113881065
0602910320,-119.23448999857325,35.448908134952774
0602910305,-119.21938607586915,35.44930203909544
0602910150,-119.26964962653825,35.48167008398064
0602910370,-119.26962818596076,35.48705949650191
0602910290,-119.24875231111687,35.47039272367247
0602940580,-119.34165729417003,35.60058229417858
0602940605,-119.34092034547122,35.53250527866532
0602910230,-119.32275167729495,35.525357701573526
0602940595,-119.33897464847601,35.5747556834643
0602910220,-119.30986981335626,35.555581362549134
0602940600,-119.32236208924893,35.572359565622136
0602940505,-119.38901525835978,35.490572806199495
0602930530,-118.91482310481422,35.35576031150022
0602920500,-119.00947088342322,35.31314360855334
0602920495,-119.00599507581236,35.315091980568994
0602920505,-119.00797766950323,35.318719400548595
0602920490,-119.00454547748983,35.318545312419076
0602910545,-119.00415390017822,35.31111751078957
0602950500,-119.0008504270928,35.312237271507556
0602950495,-119.00194292090515,35.316055643443036
0602950365,-118.99421075840839,35.291933308037144
0602950480,-118.99698650580582,35.297667207142354
0602910880,-119.23432321085208,35.75264273581668
0602910850,-119.21943265161453,35.75352179199433
0602910900,-119.22090059073304,35.76248277010804
0602910895,-119.21824373139444,35.765463868240964
0602910825,-119.21861389977481,35.77591455010799
0602910080,-119.18741388816866,35.65663193878228
0602910840,-119.16385369697414,35.69062098515165
0602910905,-119.19620387250166,35.73238531216341
0602910845,-119.209686044599,35.772209863302166
0602910120,-119.29472101651132,35.53577914600567
0602940625,-119.32742666351727,35.601420411489435
0602940620,-119.31972413302348,35.603574640838495
0602910110,-119.2912254256467,35.58997053510018
0602940515,-119.35713522903693,35.515492798378936
0602940570,-119.33234566312285,35.411899207167416
0602910185,-119.33112858535054,35.43341664272013
0602940560,-119.33703240619764,35.44909125820007
0602910165,-119.32345699074727,35.44905921531862
0602940385,-119.29640145280202,35.409177899008384
0602910140,-119.29630560874196,35.430905072225215
0602910175,-119.29719882635878,35.44856178590609
0602910180,-119.2920371068141,35.45313790835507
0602910190,-119.31985240067411,35.46933390939132
0602910160,-119.32301790035535,35.50363036940122
0602950155,-118.8584467546109,35.16016801718742
0602950805,-118.8544303473885,35.17197165982909
0602950790,-118.82644920091842,35.18719436075656
0602950465,-118.99497926510904,35.30373255119572
0602950470,-118.9882057568077,35.30651913931621
0602950355,-118.98095420120076,35.303214915653534
0602950505,-118.99355158801876,35.31082619477472
0602950510,-118.98316668870653,35.31224299831556
0602950250,-118.97237176063447,35.26017487923595
0602950236,-118.96505111903353,35.268720206567615
0602950360,-118.97547827092907,35.28567796612151
0602950221,-118.96510046196127,35.2760540524019
0602950235,-118.9598379886945,35.265811202356055
0602950695,-118.93424661640724,35.3531951757488
0602910810,-119.18199261921227,35.77325010585469
0602910745,-119.28182809109497,35.77208095707902
0602910090,-119.27393366546221,35.70102001332817
0602910760,-119.24482274746364,35.709564807003446
0602910091,-119.23742993123128,35.67067693920573
0602910235,-119.13356810955716,35.544194765112856
0602910241,-119.10936181070309,35.535273399015196
0602910035,-119.11905630867885,35.61712967593937
0602940640,-119.1103274416862,35.24522127188201
0602920170,-119.08328875840402,35.24525205666529
0602940295,-119.04810744636026,35.152691149641484
0602920185,-119.05684996831403,35.21597351629631
0602910125,-119.2930084811899,35.48197067651088
0602910210,-119.2853547157231,35.46917012041306
0602910200,-119.28204161796478,35.48715480463384
0602910205,-119.29237374895722,35.489409995342605
0602910385,-119.16760390985674,35.44513591130499
0602950295,-118.92356585636902,35.330837265228034
0602950705,-118.93013703557953,35.336021871675136
0602950675,-118.92956705454775,35.34780143199418
0602950670,-118.91669883686103,35.343547078415824
0602950680,-118.9208638323343,35.35329334991751
0602930525,-118.91916272965682,35.35648436811159
0602950730,-118.94535988573031,35.363059843399924
0602910865,-119.23153358000393,35.67689253894871
0602910870,-119.2331687291812,35.69064094478393
0602910855,-119.22007978827378,35.70594837077244
0602910885,-119.26259962197103,35.74516096764039
0602910890,-119.23884652775025,35.72131703830874
0602910075,-119.23033492176613,35.605785853639176
0602910255,-119.1453115838659,35.52393599186809
0602910405,-119.18511009919719,35.59393270266453
0602920100,-119.02569969213361,35.21583747962165
0602920115,-119.02654715376116,35.230357164396864
0602940265,-119.06320565411997,35.10667495740968
0602950575,-118.96026971212822,35.3683402985122
0602950335,-118.95269725977428,35.362629654883456
0602950725,-118.93982729971292,35.36330494801926
0602950340,-118.94493770003095,35.37081317547543
0602950685,-118.93643707483972,35.358793104361226
0602950720,-118.93717718514957,35.36430284749013
0602940005,-119.48461518792759,35.738836763082915
0602940985,-119.45773335264728,35.68712383892241
0602940995,-119.37746224251735,35.74071536466741
0602910780,-119.30833460845672,35.71547488509596
0602910755,-119.28975030924839,35.671749071872924
0602910785,-119.2791860085613,35.68207542217437
0602920305,-119.0240069423317,35.32965455144426
0602920290,-119.0291269259414,35.33419325226483
0602920275,-119.02497933962742,35.33601101654434
0602920300,-119.01871655762409,35.32904481617484
0602920140,-119.01442721859122,35.32536458466324
0602940290,-119.01090761015287,35.14715896795046
0602920095,-118.97419025605271,35.154333372013184
0602940980,-119.0057223877311,35.19440549241359
0602920105,-118.99231993290289,35.21746019373417
0602920450,-119.00758676568427,35.23405962251202
0602940665,-119.2080021876566,35.28157708235204
0602910310,-119.19060462566829,35.455908415702304
0602910285,-119.19363867067698,35.48815929278676
0602910265,-119.15075781937476,35.46783689696227
0602930430,-118.94810918548352,35.37948736137208
0602950245,-118.9369122016737,35.262035452507654
0602950220,-118.94581196686002,35.277977752034815
0602950625,-118.9280078734798,35.26315951737378
0602950610,-118.9259660880157,35.270766997019564
0602950225,-118.91902650584824,35.26162605382635
0602950605,-118.9177557236818,35.27465850294142
0602950620,-118.92635860757083,35.27750129332507
0602910795,-119.32605465678104,35.74312208749117
0602910800,-119.33178369691447,35.75767421482575
0602910765,-119.33845760163805,35.766540517902605
0602910790,-119.32411735488178,35.75069857318845
0602910750,-119.27929171845634,35.747644424317386
0602910770,-119.32522013281302,35.78302726500935
0602910775,-119.29327699517675,35.7826672678109
0602940115,-119.81819621141645,35.52898813058626
0602940130,-119.84063132865116,35.58613765229257
0602920310,-119.01844453225628,35.33527032891266
0602950050,-119.01302058335861,35.33263027171423
0602920260,-119.01999754629604,35.343518671340796
0602920120,-119.01242953221858,35.25592346573482
0602920420,-119.00598398304027,35.25820757089688
0602920110,-118.99923953895883,35.246844787551666
0602920445,-118.985438633618,35.23048599459033
0602920455,-118.95874637730361,35.201314925570635
0602920460,-118.95884082827159,35.2158839412453
0602920470,-118.97351617593367,35.2452167945229
0602920440,-118.95884365454211,35.23046798626106
0602920465,-118.95884165822359,35.24508259155803
0602920425,-118.93451781150993,35.17243189521561
0602950180,-118.89091740583947,35.181255397184415
0602920430,-118.94191492432327,35.21798186939634
0602940730,-119.16346243164199,35.28169290848642
0602940645,-119.15518810628068,35.259902698060905
0602910391,-119.16878424383985,35.501336138851705
0602910390,-119.16107249735667,35.507407471998896
0602910400,-119.16045932719348,35.49769260714792
0602910395,-119.15912887467223,35.50022453047205
0602910135,-119.26363926548743,35.523471240323076
0602910115,-119.21639233573201,35.53581297605906
0602940475,-119.36253305127855,35.33503288927047
0602920475,-118.92521315176883,35.20007983658693
0602920485,-118.91893821035588,35.20503851574107
0602920435,-118.94053438779498,35.23941001147423
0602920480,-118.92333137419303,35.23057154080435
0602950265,-118.91664396144671,35.24010405134545
0602950270,-118.92742965099055,35.243301600170305
0602950275,-118.92550166759656,35.246942788730074
0602950240,-118.92775564857287,35.256069448996016
0602950260,-118.91992241690795,35.24764760937469
0602950210,-118.90504379687705,35.20831080788483
0602950280,-118.9098363307149,35.2214980331307
0602950205,-118.88717259182397,35.21611935044014
0602950285,-118.9101538380194,35.236653639419714
0602920180,-119.08338122723235,35.21608365386856
0602940490,-119.31386741753758,35.28379931026868
0602940480,-119.33040313560566,35.2914431707185
0602940485,-119.3244800105185,35.3003852927536
0602940390,-119.27919585580563,35.281927824030504
0602940495,-119.30339487049132,35.29830990915544
0602950305,-118.9505680436864,35.34815870996745
0602950520,-118.97908054592939,35.35688306676436
0602950145,-118.97615470086942,35.37967922655884
0602950255,-118.90492319289896,35.238014108062906
0602950200,-118.90775630991101,35.256179994207066
0602950400,-119.01149471946272,35.26627481870707
0602950390,-119.00650347395732,35.263542011526575
0602950060,-119.01215218280493,35.27227250554654
0602920415,-119.00091809554938,35.25863711574183
0602950405,-119.00185929419918,35.26866096396034
0602950430,-119.01023683333179,35.28316066412379
0602950435,-119.00362725084462,35.27861131810281
0602950415,-119.00418837262667,35.280025449573685
0602950381,-118.99896371030984,35.2809451804476
0602950395,-118.99835345380403,35.28221562310101
0602910155,-119.26301150321014,35.495707109157344
0602910130,-119.27092352131316,35.50951739968482
0602910300,-119.23815511136544,35.45802321403831
0602910375,-119.22374810141359,35.467067932725804
0602910295,-119.22378435610177,35.48585127854467
0602910335,-119.20923135540264,35.44479903698541
0602910380,-119.18753006156125,35.44534257485467
0602940395,-119.28073892220688,35.300206070971555
0602940370,-119.29687868496053,35.32905435880146
0602950715,-118.936061578588,35.370094265825834
0602930575,-118.94249080485838,35.376898544374576
0602930435,-118.9436307400158,35.37781189407155
0602930570,-118.94139906269476,35.3803372353119
0602930425,-118.94428072499109,35.38171317573756
0602930580,-118.93489390979813,35.377865405941584
0602930660,-118.99528985723859,35.39113081021994
0602950455,-119.00385854876379,35.28542895949499
0602950445,-119.00212314985636,35.285529721368356
0602950450,-119.00392092866657,35.28763713609899
0602950375,-119.00432424639185,35.29033149237238
0602950440,-119.00198975252485,35.28832368131803
0602950095,-119.02207282316705,35.26527647411822
0602930515,-118.92776780294558,35.35789860342152
0602930520,-118.91886110789173,35.35861258016924
0602950940,-118.99353314868,35.39068446533996
0602950330,-118.97595837660539,35.32385595045438
0602920125,-119.01143283911166,35.32400675414274