0607507260,-122.49002517652305,37.721483548333346
0607507265,-122.46334840325925,37.739249888101334
0607507261,-122.54147767667968,37.720945978623426
0607510435,-122.42549945287516,37.708931756280336
0607510425,-122.42772121522324,37.71030328109268
0607504140,-123.05192636759246,37.733368206820806
0607511450,-122.455084498449,37.712934448896306
0607507280,-122.45773379037165,37.72469364501054
0607511455,-122.45833307427257,37.723109186403256
0607507275,-122.4681049593513,37.71078043196332
0607507255,-122.44273984699896,37.730693964359496
0607511445,-122.44643958588748,37.71410348103422
0607507250,-122.44825203349268,37.72745796119796
0607511440,-122.46067617030143,37.71728403339156
0607507245,-122.46549164109557,37.722772595977744
0608130468,-122.395979995185,37.571893316254716
0608130261,-122.29235736254803,37.47560650268313
0608130315,-122.47872141928919,37.658509455193006
0608110085,-122.45660604926275,37.63645489584421
0608150940,-122.46668763166494,37.644911948872675
0608140725,-122.15190052580392,37.470997298453554
0608140785,-122.1584181019504,37.476320800359765
0608140796,-122.225388957326,37.532795826747176
0608130325,-122.24724291868719,37.5365780471653
0608120150,-122.2478822577981,37.55372167857318
0608130395,-122.25270673698147,37.51714006308333
0608110080,-122.45827329549371,37.62946198382815
0608110055,-122.46061272743613,37.62398868709873
0608110081,-122.46654094731521,37.630570053149825
0608130305,-122.48217650892477,37.63990761583574
0608150835,-122.46016653759528,37.68783347612994
0608150885,-122.4693213466689,37.69794216430754
0608140770,-122.18080353821627,37.48330056222914
0608130385,-122.25216199117295,37.508441615551995
0608140660,-122.24240961739197,37.493447164333446
0608120155,-122.26169064347874,37.545948187042725
0608150830,-122.4658220932134,37.68552718303182
0608150840,-122.48119494572747,37.691427805532484
0608130471,-122.45483169494825,37.58352618662897
0608130225,-122.45555418690964,37.57422065075614
06081BAY,-122.26486608091369,37.613629694403336
0608120145,-122.26916488432656,37.56110441300786
0608130235,-122.49613850610685,37.55194129477036
0608130230,-122.49685949741884,37.50744722961347
0608130600,-122.43849464341133,37.47097534678839
0608120215,-122.26595419015669,37.523920964202034
0608130480,-122.26873709504636,37.52036874913149
0608120180,-122.30620986316201,37.57305476949426
0608110115,-122.33302381138836,37.55710584924172
0608130475,-122.46719931868265,37.57345896883686
0608130466,-122.46249944201745,37.56807631798978
0608130250,-122.47755204308646,37.573247252848844
0608130435,-122.46808805029676,37.52582410337613
0608130425,-122.47640044719414,37.50466933562813
0608130300,-122.49298244953476,37.59709944247497
0608130240,-122.50537000243594,37.581535645857215
0608130605,-122.43147355832545,37.427827400858966
06081OCEAN,-122.46614283891327,37.37868919181171
0608110095,-122.40522836851166,37.61374146911437
0608110045,-122.38856565699786,37.575373271330676
0608130467,-122.37964808987697,37.5498351507681
0608130406,-122.3729440042454,37.52295607069544
0608120175,-122.32040214535472,37.5285468698776
0608110030,-122.3336084289311,37.51866919916699
0608130491,-122.34025336433241,37.48861180437016
0608110065,-122.36342590372058,37.58757916114783
0608150886,-122.49466320807664,37.705226681957505
0608130295,-122.48744806570346,37.65981986094941
0608110050,-122.42445934876453,37.60265395067598
0608130470,-122.43337479510886,37.595674900012185
0608130465,-122.42370354767972,37.55850951723249
0608130310,-122.469964068995,37.60135851137952
0608150876,-122.41217462815963,37.70492440822566
0608120161,-122.32122054112384,37.521555224905164
0608120210,-122.2985416907523,37.51480287052203
0608110076,-122.3815464508088,37.61505505992908
0608110070,-122.35869722081195,37.55724245881965
0608150875,-122.4180920580387,37.704174390730024
0608150821,-122.4086076817708,37.68639688032784
0608110106,-122.3882508000148,37.62701822131435
0608120162,-122.33226703765936,37.515460112319
0608120165,-122.34425443578414,37.569045725508836
0608120160,-122.31692922888143,37.5390531540586
0608150867,-122.39586082504661,37.667413137991915
0608150855,-122.40234357461398,37.67080907718457
0608110130,-122.401288386242,37.666822756097595
0608150856,-122.41074163996933,37.67013660019258
0608110125,-122.40869213633134,37.654909245389675
0608130595,-122.27477799330902,37.51489585271337
0608140787,-122.17238317365835,37.502130875318336
0608140695,-122.19067830231407,37.48676115417396
0608140795,-122.2129937587089,37.51352077037905
0608140800,-122.21231483680667,37.487884608620014
0608150850,-122.43110239945975,37.642739823064595
0608150945,-122.4296384625763,37.639671234172255
0608110105,-122.42339674970447,37.62376513160864
0608130345,-122.27904230358516,37.513459535709934
0608130390,-122.27810365113586,37.50990122192975
0608130255,-122.28707401880378,37.50312584962291
0608130292,-122.2857019318821,37.5031650915609
0608150845,-122.44056758947147,37.64763153698745
0608150930,-122.45350096027802,37.64296105099198
0608110111,-122.44648853078847,37.63540547755819
0608130290,-122.28432760185528,37.4959822750407
0608130291,-122.2873380870581,37.49979261318856
0608130360,-122.28945133445843,37.49242953788626
0608110110,-122.44393885586024,37.6308843133546
0608110100,-122.45007735830879,37.62899693618302
0608150866,-122.39880460351091,37.69818858841317
0608150865,-122.40367646044409,37.68567842830499
0608120185,-122.28119720379941,37.541765356916684
0608120205,-122.275818476201,37.526083481638565
0608130490,-122.31069517670328,37.46148176217681
0608130400,-122.29038322825795,37.395020548581115
0608120190,-122.28192950092873,37.53176897484663
0608130340,-122.26466680247589,37.5168444980846
0608130365,-122.26920376374022,37.49583372358416
0608140656,-122.24403986859198,37.485230126665776
0608130555,-122.30471252062081,37.407029761979246
0608130405,-122.39128990803411,37.45794847989529
0608130410,-122.35822576175552,37.38128638531841
0608130415,-122.38789902323845,37.37945726153285
0608150890,-122.4798471476774,37.685534333085954
0608150905,-122.47905390723436,37.68351564264312
0608150820,-122.42132507553964,37.67444790581434
0608150870,-122.45268854721043,37.67664607420519
0608150925,-122.44563553128923,37.65416877726159
0608130355,-122.27960981279568,37.47656807171193
0608130350,-122.26585296393498,37.48520978221876
0608120140,-122.29152658584252,37.49961742780709
0608150935,-122.44843756647171,37.65961935991002
0608110075,-122.40224811553374,37.59937220104932
0608130420,-122.33413630078154,37.34990550592787
0608150825,-122.43260442588817,37.70021297520688
0608130260,-122.27368137407574,37.478390011972934
0608130330,-122.29697143721647,37.49668909129475
0608120200,-122.2962142595495,37.48814635975607
0608150880,-122.43686973387749,37.70532712930618
0608150822,-122.42807935303303,37.68816727504903
0608150823,-122.44222737112771,37.68712990632905
0608120195,-122.32052603503013,37.50279536175016
0608120135,-122.32361210919666,37.541371841318416
0608120170,-122.32894896108775,37.52793728607855
0608130525,-122.27652070031088,37.37259374639581
0608130560,-122.29014330025703,37.415193638979474
0608130530,-122.26105203936287,37.379825803529734
0608130515,-122.27090778282762,37.38442345825744
0608150915,-122.46432003528062,37.657542465019816
0608150910,-122.48407587123022,37.67555791597258
0608110035,-122.34259982510598,37.530115567433334
0608110040,-122.3490694680158,37.523318642671505
0608140786,-122.14999008208494,37.49270116756774
0608140715,-122.11885310195144,37.47754926981042
0608140720,-122.13415214201345,37.466681478389425