0602710010,-118.39404633756737,37.424741416009134
0602720020,-118.39563994901194,37.36704788595231
0602720030,-118.242114769258,37.41965557896904
0602720040,-118.26835243744195,37.30166883586089
0602720025,-118.39867041763188,37.359124157891884
0602720035,-118.41615646182821,37.37480449479757
0602730050,-118.41890040317726,37.35817388402305
0602730045,-118.4427977845908,37.36729510808182
0602740060,-118.3922352971805,37.22930930948909
0602740055,-117.89600195131581,37.3142042219124
0602750115,-117.97053620566496,36.48545249016981
0602750105,-118.15296709309845,36.53023757857999
0602740080,-117.9876485978607,36.80522413065265
0602710015,-118.62913984683368,37.38970674318194
0602710000,-118.53855229632856,37.25602558508377
0602750095,-116.96757239415685,36.51811003866012
0602750110,-117.6378184881647,36.45016683174494
0602740075,-117.7897422324305,36.66468109192626
0602750120,-117.75365226582774,36.07702635215332
0602740065,-117.84821015974512,37.04245533446893
0602740066,-117.23858983870693,36.8182283829269
0602750090,-116.55606599747962,36.10870937618475
0602750126,-117.23238554981396,36.17429461016047
0602750125,-117.34630650792215,35.88325505430913
0602750085,-116.33788779633001,35.88141230318015
0605140005,-118.98395321909857,38.02186804293097
0605140000,-119.31359999466886,38.30419719347497
0605140001,-119.4993108480085,38.59389711305997
0605120012,-118.84844061815416,37.62753806835529
0605110001,-118.94206140333,37.63351114526715
0605130006,-118.95982271140235,37.675800604241985
0605120001,-118.5593665833887,37.498426119861094
0605120000,-118.63342793144184,37.4918737067388
0605110000,-118.95775650016044,37.639089090889605
0605130005,-118.99498344820667,37.6482127811403
0605150001,-118.96878826551597,37.58272590241604
0605120005,-118.35577806713746,37.663342940109835
0605120010,-118.80954673297323,37.63169626034077
0605130000,-119.1441958357436,37.80473639186023
0605120011,-118.78801836760344,37.82711794431544
0605150000,-118.98958480124456,37.61445313038683
0605130001,-119.03106344004452,37.715984030534074
0605130007,-119.02555770497236,37.655154883732585
0607132445,-116.45214454221241,34.368924660937466
0607110696,-117.6333458145066,34.34059986762921
0607111245,-114.61943952643219,34.856554637129534
0607133110,-117.05998703947186,34.085259607250215
0607132941,-117.2670248333933,34.22486019666535
0607132681,-116.17843061627244,34.19136082814127
0607132375,-116.74822743882152,34.30682599270755
0607110070,-117.38182592859977,34.535783773027056
0607110810,-117.335699428576,34.632925999021886
0607133035,-117.15369336426407,34.27329243679599
0607133040,-117.17822011889199,34.21597024592361
0607132475,-116.18390339150352,34.170825574552055
0607111005,-117.28682806690763,34.30762261609478
0607110285,-117.5385215438661,35.72162666848406
0607110775,-117.39588774559112,34.366820238643534
0607132435,-116.39091815650143,34.278789689636454
0607134050,-116.72063522242564,34.22228040665468
0607111180,-116.9322878129698,34.865809506898785
0607132630,-116.30540263564775,34.06428546799437
0607110095,-117.31684406444587,34.580166258797234
0607110325,-115.96049570332877,35.53243632945538
0607110150,-117.53536019449172,34.47225544123878
0607121567,-117.59075220630798,34.17705998010186
0607110300,-117.07068834228905,34.86416698792694
0607133692,-116.98280557465364,34.01695765033107
0607110280,-117.62552532527513,35.627885388842934
0607110530,-117.48049513079663,34.649492953142165
0607122000,-117.2866182053397,34.25267763589492
0607110135,-117.29803599273178,34.56915318057472
0607110865,-117.15283557402529,34.55251715639121
0607132665,-116.3822951428937,34.22395504200505
0607133795,-117.16081216273919,34.215134616681254
0607110000,-117.33647005763129,34.579445628610806
0607132800,-117.1677871440366,34.12002364988315
0607132740,-116.51346359899335,34.091650965890494
0607110265,-117.34703191855112,34.497579124579566
0607111210,-116.86957225207188,34.49668719362698
0607111280,-116.44369068721045,34.932262142647325
0607110940,-117.23802488578725,34.40650782097618
0607133585,-117.11123180168778,34.02341693413631
0607133030,-117.18640919775756,34.2263485131295
0607133995,-116.96815293005557,34.269123899134875
0607122040,-117.32702483835415,34.255369480164745
0607111465,-117.15561982557152,34.63636243937917
0607111420,-117.23295246545676,34.75432466543834
0607111086,-117.22317059540947,34.639012722826365
0607132485,-116.51902266457594,34.205952688131084
0607110420,-116.84428632145021,34.898831278664964
0607110915,-117.35100059361798,34.38974843670819
0607110920,-117.30234509766063,34.443649059512644
0607133875,-117.07640670307501,34.23944205643665
0607110880,-117.22349866367004,34.45497841764686
0607110400,-117.13158799405998,35.36923976423285
0607133115,-117.12122038900043,34.0644586534057
0607110410,-116.80752520672566,34.92879344369747
0607134155,-116.9567863788612,34.08635142880492
0607110360,-116.99630850425773,34.909209804527336
0607110170,-117.44416771258749,34.44572763270309
0607110800,-117.4337550413605,34.40503893283927
0607133945,-117.05814127110715,34.28044506381841
0607132476,-116.17378416507127,34.18128495629782
0607133660,-116.8739791345855,34.24336827764334
0607133055,-117.1317722834943,34.29111659309356
0607133150,-117.0617502441056,34.06926806629314
0607133360,-117.20937530736299,34.12450932353647
0607134015,-116.80815331338815,34.212737348053516
0607121535,-117.65101928187067,34.191153543187504
0607121995,-117.306491032309,34.24492687338363
0607110260,-117.37314993841679,34.51068240598654
0607121975,-117.31831654540443,34.27211705459888
0607133815,-117.13630181956118,34.206356955773664
0607110795,-117.42335796612079,34.44469297964972
0607132385,-116.59244228207376,34.600117602720694
0607111095,-117.23687472416523,34.62465633172346
0607134213,-116.9750855027388,34.00966369158882
0607132810,-117.12935928923912,34.10121888560831
0607111045,-117.14542622814686,34.502998857503236
0607133970,-116.76678700941886,34.210264388268634
0607132590,-116.34304269659097,34.2150377397118
0607110035,-117.40082914071202,34.44635012152639
0607133855,-117.13557068332057,34.21545098854269
0607111020,-117.17249953381076,34.421732190620844
0607110220,-117.5341564260663,34.62375464297592
0607133931,-117.03269535111842,34.21596782095454
0607133100,-117.16572597034029,34.14408805966108
0607110515,-117.39448251245481,34.65591997826175
0607111345,-116.78868534006538,34.85676259270748
0607110391,-117.11433576484939,34.889435139468304
0607110985,-117.38318800623722,34.32791278085873
0607110050,-117.37750712422118,34.49212354663729
0607132755,-116.68475035778968,34.2217742644395
0607111485,-117.09355446904829,34.37717365182868
0607133635,-117.12343001750638,34.04577278392445
0607132365,-116.56974367678772,34.385070143305256
0607134090,-116.52213022312242,34.09942426111355
0607133905,-117.0486705659504,34.23695203430193
0607133077,-117.28136576566644,34.21937733983526
0607111220,-115.87457342431861,34.424906800764674
0607110790,-117.4532175449857,34.43928745565634
0607111375,-116.08193561565204,34.246181158456075
0607111490,-117.21070394471454,34.650564442711826
0607132942,-117.28169375544167,34.22450804726762
0607133746,-116.43638673650483,34.175250589896585
0607133850,-117.0828800061806,34.21581523484591
0607110630,-117.48429286254378,34.626348958600886
0607111356,-116.84308775483954,34.89532926899443
0607132515,-116.78836855759052,34.27611787219394
0607110460,-116.87281132773434,34.88724881687223
0607132990,-117.19182769098884,34.26034682505889
0607133145,-117.08613774192817,34.05821831061676
0607110610,-117.42380710832906,34.6707697825979
0607110430,-116.86789308094849,34.8974527607975
0607132645,-116.50113288132319,34.179766287167354
0607111215,-116.72628523585573,34.315684465496254
0607110605,-117.46361428194035,34.763233494712814
0607110205,-117.4721078641622,34.525201515595676
0607133665,-117.09985893717544,34.1071273947539
0607132960,-117.22259743875753,34.24027937009555
0607111395,-117.26799391555554,34.72502288454783
0607133865,-117.1035056899258,34.20412966673708
0607122045,-117.33870098250418,34.23201820577579
0607133345,-117.2111704528325,34.12945354362267
0607121960,-117.4557308776585,34.32153251312149
0607110830,-117.26860981487667,34.49980854362828
0607110640,-117.3342818332141,34.78207511854349
0607111265,-116.79293799223717,34.901178849986344
0607122075,-117.42852622913776,34.2664004423648
0607110570,-117.25422136706406,34.89768044914448
0607133060,-117.22525734673157,34.14923183881285
0607111035,-117.13103540734171,34.51908131776749
0607110787,-117.45315220439707,34.42553561716265
0607110185,-117.62546882456013,34.54316812469607
0607133890,-117.07755590049668,34.200939643213225
0607133915,-117.09480677927408,34.17004271581169
0607111136,-114.638103760023,34.91298339661025
0607111185,-116.88874986253079,34.844185427111825
0607111330,-116.73883579359835,34.866584025192616
0607122055,-117.3185003647609,34.22820319670475
0607110695,-117.57017741413657,34.332119666861566
0607110935,-117.40372620613995,34.41302209671053
0607134000,-116.85199634143414,34.28483158550613
0607133065,-117.2174816306583,34.157085770436666
0607111275,-116.60187502032424,34.963981736140404
0607132815,-117.10098501996578,34.10613896763928
0607133691,-117.00767117973045,34.03749878895769
0607132500,-116.83486695188178,34.26154939775449
0607110355,-117.10855964291292,34.88146766463166
0607133025,-117.25369090452966,34.22444409642225
0607111300,-116.25613359671475,34.82974354985134
0607122110,-117.49022423464956,34.1584022173605
0607110925,-117.33763243598995,34.37619554025346
0607132555,-116.50641293126257,34.08817788007664
0607110455,-116.8465400431941,35.12973827091354
0607110960,-117.3263798311308,34.35717557693618
0607110195,-117.54606900688654,34.53101151011117
0607134191,-117.00705968016095,34.06472960175707
0607133805,-117.14010453141523,34.23637429562525
0607110755,-117.40591373196601,34.433974811612885
0607134060,-116.66256185127723,34.164124803744684
0607110015,-117.3383676003588,34.575256019291864
0607133750,-116.45453773418441,34.08730871371501
0607132635,-116.35173714995555,34.252769277008916
0607110445,-116.88342178819615,34.93744082512312
0607110710,-117.52032530862022,34.37600427610579
0607110250,-117.29060883115585,34.496481178131226
0607122015,-117.29372930128959,34.231620449835454
0607110845,-117.25290098227673,34.459612846605815
0607133050,-117.13306433559615,34.27600779902329
0607110450,-116.90717673746818,34.890657860848435
0607111175,-116.85070923729843,34.84428351829436
0607134115,-116.52943990275031,34.14406462190018
0607132745,-116.58471919092881,34.187874816732155
0607110040,-117.39063386328252,34.510340856134626
0607121840,-117.45606191629388,34.19050301722929
0607132725,-116.07894620156885,34.20499495771908
0607110435,-116.4844257934106,35.496432429506854
0607111160,-115.58903818721323,35.16643413251489
0607132480,-116.80606242123108,34.300743253504976
0607133845,-117.13136909869799,34.190124635276305
0607111125,-116.94369433117075,34.852607579174034
0607110105,-117.32568301044213,34.503868046543666
0607110485,-117.54009879785178,35.03797463382468
0607121825,-117.44478459917238,34.17985465281147
0607110888,-117.21282207795674,34.643099384997114
0607121540,-117.58445018153073,34.17094433101255
0607121835,-117.44240821559966,34.20061214792512
0607132580,-116.38159015383793,34.1939276502258
0607110786,-117.45398121908646,34.374708241844004
0607132690,-116.04413762504467,34.10437950587791
0607132940,-117.2899324086464,34.22799780693365
0607111165,-116.43330329335517,35.029369341186495
0607134116,-116.50231283444093,34.10580251499197
0607110465,-116.760980983966,35.450267562695565
0607110625,-117.55410097363752,34.680378441161345
0607110425,-116.59563870923904,35.01617072605795
0607132520,-116.84632717088753,34.27812691479384
0607132330,-116.73211169599955,34.71120768186424
0607133645,-117.12191444948424,34.03624073984791
0607132785,-117.22731991515086,34.136579531509994
0607110685,-117.60068333177249,34.3813710560137
0607133365,-117.24475185650088,34.12456991456995
0607111495,-116.06604232660527,34.141865539498006
0607122080,-117.34297043890047,34.21619642520656
0607110651,-117.37245511241683,34.66857294642999
0607121915,-117.41692395281419,34.29495268679754
0607121860,-117.42030236306927,34.19989097343059
0607121520,-117.48356345639168,34.31948676449958
0607110440,-116.89791382871394,34.872575290544404
0607110030,-117.42376444289037,34.48355572283945
0607110340,-116.93176273606461,34.87333969467165
0607121575,-117.47767702576085,34.226088605311084
0607121925,-117.36948395375653,34.30221809447352
0607132400,-116.3014538590388,34.58476384744143
0607133765,-116.90974809784097,34.31470120719001
0607110045,-117.39088568696248,34.481447227457366
0607134205,-117.02212376360026,34.0984992330269
0607110390,-117.09938783821048,34.89630094801564
0607111211,-117.03258733905109,34.53156203812679
0607110715,-117.63114066805143,34.349483642385906
0607132715,-116.19087557621572,34.22260950365198
0607110590,-117.08126483566366,34.90181668159651
0607132380,-116.61915943934069,34.70454962426876
0607133755,-116.44773461404225,34.15097417574303
0607110870,-117.18049666540168,34.63587694772152
0607110290,-117.01621570126842,34.91740625551249
0607110375,-117.12492741440896,34.86679054649267
0607121940,-117.40724507693923,34.307251628459326
0607133695,-117.04913882906469,34.01462292199458
0607121955,-117.46578798361568,34.257813834165844
0607132820,-117.16128845183772,34.102332837023454
0607110090,-117.34471546419437,34.590994910186325
0607133005,-117.1688433007985,34.23832077671573
0607111295,-116.70016601955508,34.80006412338294
0607111010,-117.26570664389206,34.33441855637617
0607111445,-117.09597708991377,34.419401498946
0607111400,-117.3055846457508,34.73499003615985
0607111435,-117.03775810783421,34.50907306531239
0607132835,-117.1503812223541,34.12860964996626
0607132415,-116.23866905400246,34.23132772187563
0607110165,-117.45983368463517,34.4732491018629
0607110155,-117.61663414161823,34.431552427896335
0607132600,-116.42369999616984,34.24516824263922
0607110970,-117.4196574236536,34.326354703041744
0607132345,-116.7313316070148,34.62627482608064
0607133705,-117.08599568197364,34.00848085267614
0607111320,-116.8539323402548,34.87702196499028
0607110510,-117.44736436573996,34.578712419413044
0607110645,-117.27210707489722,34.804467525184386
0607111350,-116.80496936774057,34.837257936786024
0607132540,-116.80801256262409,34.225959420979194
0607110065,-117.37037133762132,34.593215707521885
0607110025,-117.37615997045623,34.45511068548927
0607134231,-116.97610363895556,34.0242727307281
0607133641,-117.1231519041684,34.04028166688926
0607110600,-117.0222544630225,34.966203488202396
0607110516,-117.38755753281542,34.65393211899308
0607133170,-117.06163779804216,34.05840306146699
0607111410,-117.24511547000877,34.68944449333546
0607122025,-117.26398181561551,34.24646305290047
0607132560,-116.53384384700873,34.045748596542104
0607111115,-117.25808247784707,34.59532750165584
0607132975,-117.23494390811122,34.2530395659428
0607132350,-116.73094779535698,34.53234227910753
0607110876,-117.24968340965329,34.59361391384367
0607133685,-117.04153927062931,34.035266418374434
0607110735,-117.59693469804891,34.375192883387804
0607110871,-117.18069239873557,34.643145874179716
0607110270,-117.33012229078399,34.57634428214565
0607133840,-117.09607738263067,34.19053126022904
0607134230,-116.96714856712566,34.07443183709476
0607111225,-115.44285388267832,34.701575096638486
0607110381,-116.99861394018959,34.86163318539681
0607133580,-117.04951420542365,34.05398558094072
0607132420,-116.31187982192597,34.320812432716245
0607111040,-117.1773420659218,34.397861362663356
0607133370,-117.25890285809147,34.113145570344706
0607132335,-116.79415686942737,34.32248922951767
0607111140,-114.61256624628747,34.83492252668911
0607110096,-117.33201109659925,34.57445623604923
0607133985,-116.93110039958768,34.230497054085966
0607110365,-116.97310110731648,34.891363047666275
0607110525,-117.38453566501043,34.55692720981453
0607111250,-114.36466092104558,34.137243298283856
0607111105,-117.21779871362607,34.64735995654011
0607134190,-116.9997253572231,34.06828239089712
0607132830,-117.11914572816384,34.10921944167642
0607155025,-117.25067228854739,34.10504471525659
0607110885,-117.19297153266673,34.627201518812825
0607111080,-117.17295352464048,34.368673545078366
0607132505,-116.7880286155397,34.23968566172109
0607121805,-117.5120683475734,34.199553271078585
0607110475,-117.50300469949993,35.54421636364398
0607111100,-117.2450669874422,34.60542852315578
0607132525,-116.86410281241601,34.27430682800687
0607110480,-117.18205323892208,35.62148077277391
0607132950,-117.2404732943042,34.23177535959601
0607110887,-117.19839334157656,34.64312976297916
0607110470,-117.5673072436411,35.493009768596245
0607110890,-117.2612352875001,34.564167763528964
0607111195,-116.92375938556208,34.73074822179152
0607110720,-117.60925441545915,34.354050221066736
0607111110,-117.25347402495257,34.61051460403962
0607121550,-117.5684659404525,34.172317307048985
0607111075,-117.24292709319752,34.35773585237265
0607121970,-117.33092389350772,34.269234842118856
0607121590,-117.46066788105968,34.24358459735864
0607133120,-117.10157645189425,34.084860613481744
0607111150,-116.0703407155677,35.25594263688835
0607110560,-117.13959244879328,34.85346758386389
0607111440,-117.00681729374237,34.437204607440016
0607132710,-116.0030106976288,34.0745665901912
0607121880,-117.54403023076243,34.219038095890426
0607111260,-114.21263283366072,34.229082421208915
0607121961,-117.44071515613625,34.34523799866724
0607110160,-117.50648036886764,34.41481434483859
0607132640,-116.48510231852342,34.05952235040619
0607133020,-117.19894591965046,34.277106906420045
0607111455,-117.11500390956888,34.52460887836162
0607134025,-116.9876600206903,34.2792457883942
0607111405,-117.26328413508763,34.77803135508586
0607110815,-117.2544517279071,34.642007050312905
0607121885,-117.41718818205919,34.20237674997619
0607110100,-117.33126213423981,34.584462553406624
0607132325,-117.24770110936748,34.32290418161935
0607110675,-117.62664509655676,34.37301137832796
0607133355,-117.20161342329158,34.11398555634765
0607111145,-116.05899782225069,34.230576479642686
0607133895,-117.10297366830952,34.252651958376376
0607111255,-114.96831418319802,34.2838154523042
0607110855,-117.1863280690795,34.58380147037521
0607133160,-117.11305563722178,34.141184633116644
0607110055,-117.37304238866263,34.521232178781055
0607110120,-117.31037630794698,34.47783603628574
0607110785,-117.4572437523464,34.3976922012289
0607134135,-116.91315274822671,34.08619198725263
0607133700,-117.00599423853392,34.00909315843053
0607110085,-117.3698280199129,34.63761875486301
0607132680,-116.13693816490469,34.21089687630088
0607133045,-117.19065688020993,34.2911533983648
0607111475,-117.04584501906976,34.62145245823427
0607134035,-117.00917183021599,34.15819308372839
0607133940,-117.05174398485529,34.200913760161235
0607132605,-116.39001287492529,34.07240925149512
0607132615,-116.29750271068592,34.14346893297475
0607121800,-117.52707265147114,34.17314919806109
0607121905,-117.42877105144088,34.33458360046313
0607133925,-117.02307773893686,34.23005093629497
0607111240,-114.66534329079239,34.84107974664128
0607133000,-117.23283469946524,34.234606266792994
0607132450,-116.28666854809974,34.23993489371197
0607122005,-117.26866659712712,34.23646110324848
0607134085,-116.52637128104608,34.09477612651595
0607133570,-117.08726988407425,34.03648958850924
0607133770,-116.95876595205031,34.346567628483896
0607133900,-117.06276619353949,34.23806425333869
0607110750,-117.41771893537093,34.38871548537853
0607134070,-116.55951410275874,34.087238560005325
0607110930,-117.24316485344032,34.44375624832137
0607134210,-116.9841373634451,34.01462685378453
0607132425,-116.38061490714246,34.308046456095035
0607110910,-117.35704786596813,34.3655289369732
0607132405,-116.44068827386405,34.30589608058482
0607134005,-116.93178878054654,34.220802012898524
0607132943,-117.30089457016713,34.225681528593555
0607110580,-117.1633259562698,34.81376230868955
0607132390,-116.42317369844257,34.526651004736266
0607110520,-117.39578166168714,34.61506356262628
0607111085,-117.2294267760753,34.63448458499966
0607133575,-117.05445577065038,34.04586967241459
0607133015,-117.23405714482865,34.26718907994517
0607110140,-117.46641538206453,34.443087054395384
0607110350,-117.03533066745737,34.8819632784762
0607132360,-116.81584708854757,34.346414464694895
0607110850,-117.2460441724434,34.44842061545596
0607132586,-116.46414080531721,34.14605472923003
0607110060,-117.37785617611173,34.477282968493654
0607133380,-117.2047394532014,34.10382333967938
0607110240,-117.33787757195772,34.59310186483853
0607110835,-117.28830560573607,34.59533647153753
0607134232,-116.96503431787437,34.029980497808104
0607132670,-116.29152832972788,34.2458672560115
0607132935,-117.24632514097625,34.227826703515724
0607111130,-116.91932755064435,34.85647601067737
0607133730,-117.00395118351835,34.05185164844275
0607133650,-116.87271253974758,34.261417338753674
0607133790,-117.15562473121155,34.23919912950271
0607111015,-117.15968100077308,34.450221355452804
0607132370,-116.60330731117416,34.25398412568922
0607110210,-117.49496807577509,34.52149701142641
0607110395,-116.9457633998535,34.893604916816386
0607121877,-117.42391202434158,34.20350866018177
0607133026,-117.22521951008544,34.22454493218656
0607132575,-116.56933248107562,34.06122665588263
0607132840,-117.13613060395225,34.11518678723174
0607110905,-117.30717978419139,34.37171720558249
0607132831,-117.1021742871553,34.10819157970914
0607110665,-117.55394156277669,34.4015224913736
0607132460,-116.18934560815154,34.19480005281083
0607133390,-117.19158528347234,34.10069569094467
0607133675,-117.05417267035885,34.075247626259774
0607133395,-117.18882830344081,34.106247459897546
0607111055,-117.21587000796545,34.60846475432253
0607121981,-117.29668193647787,34.23651052119925
0607134065,-116.48600739192835,34.10747349494614
0607133975,-116.82403655954812,34.2409281759796
0607133980,-116.97031271909303,34.239019606653166
0607133375,-117.20188867656988,34.10623671831843
0607132585,-116.46725359977509,34.14080504033298
0607110555,-117.14972682814751,34.84248223843333
0607110780,-117.23579076647286,34.63670027708009
0607133670,-117.09415719222764,34.09657576158318
0607110900,-117.24224141583444,34.390124492157675
0607132825,-117.18329733024864,34.10723080744823
0607111340,-116.84024160551311,34.867205029884
0607110295,-116.97004563102082,34.910674315939644
0607132410,-116.21723302702006,34.17699484948776
0607122140,-117.41237272564919,34.205609321399706
0607111090,-117.22148258467656,34.6428897781521
0607110980,-117.3169339778237,34.30712447486787
0607111235,-114.7658860624747,34.746057262378805
0607133690,-117.01793852047228,34.044313095342595
0607133130,-117.0633698831841,34.07437974040911
0607110110,-117.36871805067933,34.477654373784276
0607121541,-117.60619548695257,34.16870750961801
0607133385,-117.19180192943155,34.11147185428524
0607110075,-117.3365824392514,34.58188900232466
0607133076,-117.28323209286488,34.212790669894986
0607121505,-117.49855989468338,34.375849463669205
0607134150,-116.88710269328678,34.086529250671
0607121920,-117.32930107403558,34.28418918928529
0607110190,-117.62720576801557,34.51482795091018
0607133075,-117.21512517767434,34.18979179752032
0607132455,-116.16367241262256,34.17139597123107
0607110385,-117.04319690256769,34.84235356690573
0607121555,-117.61233054954187,34.172905440342745
0607121990,-117.27976011558823,34.25311317209921
0607110620,-117.43913854091,34.5282849439514
0607121510,-117.51364386742327,34.27958694259844
0607122085,-117.38540353492787,34.24309414510045
0607110225,-117.48508169124517,34.61905281330502
0607134030,-116.74498260887736,34.201707538685135
0607134235,-116.97393519531465,34.01512339033324
0607132970,-117.21622273521152,34.277129545194136
0607111030,-117.20803515789497,34.42084545754167
0607132565,-116.55341953233071,34.08589157029424
0607133655,-116.91932335740528,34.24077482979249
0607111190,-116.78976942645289,34.77927963499572
0607132650,-116.43082450680446,34.2149235356312
0607110660,-117.61939803286033,34.40529163672824
0607121570,-117.60665516622326,34.256535402244346
0607121910,-117.43571255287611,34.35210707352727
0607133010,-117.15097066253144,34.253720811696255
0607110595,-117.23303495427912,34.79694243402702
0607110010,-117.34153424221611,34.58499433127614
0607122030,-117.2605631210962,34.25418325322386
0607111006,-117.28565393545189,34.301232205363036
0607110495,-117.58804937671991,35.37086992224451
0607132675,-116.30897042578039,34.2296530768684
0607134240,-116.94118562970871,34.01368940840433
0607111335,-116.78313173757417,34.887329753222545
0607110500,-117.62531554411675,35.585995479851725
0607132625,-116.29472210347991,34.235106374672526
0607110875,-117.2155473539402,34.5273513793557
0607110889,-117.21603282862948,34.64591387223074
0607134045,-116.867471049414,34.167488122973
0607133880,-117.05099800945973,34.21570870342325
0607110330,-116.4554176534366,35.05841590020738
0607110860,-117.18405024990925,34.4539771255096
0607121515,-117.45231014384441,34.27352964893697
0607134185,-116.99089711682133,34.045919980599884
0607111390,-117.2324791573676,34.77752274744186
0607122065,-117.24931651240075,34.25889191962283
0607110825,-117.30045678585533,34.61385174004621
0607110995,-117.35824239414714,34.31241649097394
0607111315,-116.79582549804054,34.8604824697263
0607133340,-117.23168147178748,34.113944903639606
0607110335,-117.05408310055995,34.874511555049715
0607133740,-116.40331728861904,34.13113088374522
0607111500,-115.9762375066868,34.105633559164474
0607111355,-116.8487435269664,34.88591191971213
0607110950,-117.24085825228994,34.37723381649445
0607132495,-116.85133068251005,34.26927545585189
0607132795,-117.16834942516275,34.13812317707455
0607110535,-117.37175788140092,34.65361298910358
0607111365,-115.90472462957021,34.24765764104944
0607121807,-117.50666363362024,34.16704475647913
0607133350,-117.22196301689196,34.12722062299281
0607110740,-117.41599492883357,34.377770735380565
0607111246,-114.61589804945963,34.85216860268573
0607132530,-116.76095085444656,34.24719065750649
0607110345,-117.14560860269852,34.842679484208155
0607111430,-117.11971548472205,34.65889743531215
0607133930,-117.05862314414051,34.18498670271073
0607122050,-117.29490621187868,34.262447964362714
0607132550,-116.73927853635615,34.25834010769085
0607110275,-117.39953998134689,35.769699707680466
0607111120,-117.27095185031104,34.5929860005625
0607110650,-117.36645057023054,34.686039444146395
0607121870,-117.44513860503069,34.215146069433345
0607111310,-116.85018974148358,34.85696178634089
0607132985,-117.15750639724938,34.25849624628985
0607111200,-116.94005645877787,34.865524374546354
0607121850,-117.45783290955362,34.21281591887287
0607132440,-116.48304974352943,34.262809019053705
0607133745,-116.41625615454319,34.12630859316425
0607111450,-117.132827502431,34.43242936993101
0607132930,-117.18119022843214,34.32871188326015
0607133775,-117.01236665768648,34.30963209133157
0607132490,-116.77890588286,34.25432281023903
0607121875,-117.44775759386496,34.22512058647283
0607110115,-117.32436767738798,34.54657703005559
0607121876,-117.42990936126567,34.19889534512436
0607111285,-116.61506013907926,34.8635252993792
0607110975,-117.42051575347512,34.32183445329882
0607110545,-117.39052487240717,34.57576840736164
0607132980,-117.19303024309018,34.23781720322316
0607110670,-117.64224164259042,34.3887981062828
0607134160,-116.93685458419459,34.097060344695734
0607110680,-117.62924693103449,34.35828579051012
0607133646,-117.12676102431388,34.03157778479272
0607110820,-117.3390061746047,34.65648709896182
0607110255,-117.285339334827,34.497594131636546
0607110130,-117.28652285175484,34.52352800556632
0607134020,-116.90959067788386,34.28599570447836
0607111470,-117.13085615754606,34.62676766107937
0607110125,-117.2646981544046,34.47526651739323
0607110770,-117.42056726146782,34.33349553837182
0607122070,-117.3360561372774,34.24374576748712
0607134055,-117.00491115655097,34.272092039776865
0607133590,-117.10158687844641,34.04175182759205
0607110705,-117.59623561751842,34.35332414974233
0607111325,-116.89843189526972,34.859847965989175
0607122016,-117.25611600955973,34.22680574846764
0607132790,-117.1978272731587,34.12729143955249
0607111070,-117.2240286689729,34.62005982626758
0607134130,-116.71204366095344,34.07968863024743
0607111370,-116.06448884901178,34.22758855100269
0607111380,-115.78614022752146,34.06417241529946
0607133955,-116.85162283316326,34.24242929666804
0607133125,-117.08131032025145,34.07383722758814
0607121935,-117.4473239336108,34.3499922956881
0607154920,-117.29308282160886,34.219438115370274
0607121566,-117.58089661449556,34.177069761214085
0607111025,-117.17076316530999,34.423053236988224
0607110760,-117.36000837584379,34.39031905127514
0607132705,-116.11535962543991,34.07632613156305
0607154906,-117.30075055403458,34.21523567701931
0607111290,-116.51641745861208,34.89189963192893
0607134105,-116.50205072772577,34.12270417992603
0607110615,-117.56994267642787,34.76287326877514
0607132570,-116.52435565658142,34.09651869311113
0607134071,-116.53762825412238,34.10640150601997
0607134225,-116.9741200467295,34.055580827567596
0607121580,-117.52581432008523,34.24780433354939
0607111050,-117.15888549049517,34.44644988397226
0607134075,-116.59527034193204,34.08145339145974
0607133078,-117.28977125322027,34.222024801848775
0607110315,-116.9563599467556,34.874011104352384
0607111000,-117.31206509740869,34.31354359344381
0607110781,-117.23987719413249,34.62918518373996
0607111135,-114.61918487847525,34.80979267539951
0607132655,-116.41337694575489,34.23683090813305
0607111360,-116.02101075989414,34.20354539517864
0607110585,-117.12242662934129,34.8945424501
0607132430,-116.39294067937428,34.26878973064791
0607110765,-117.38233396953805,34.40244148961598
0607134140,-117.05024381729055,34.12465608566107
0607121525,-117.43985193459693,34.23956023522477
0607132620,-116.33761961332524,34.2318604173131
0607110655,-117.5450630750538,34.90626932489997
0607132965,-117.22305949556144,34.247863472475736
0607133680,-117.08383265176036,34.02205334090851
0607132610,-116.4132845067232,34.21495882079471
0607133400,-117.19020374530727,34.10374395386186
0607132340,-116.56087051577137,34.352092312943576
0607134125,-116.58565360940588,34.14410668422073
0607111385,-117.11887130574118,34.745039511264125
0607111480,-117.05251133783007,34.419574913280925
0607110955,-117.25239063499868,34.355050613123865
0607110565,-117.04587482281262,34.90669330096912
0607110490,-117.62246533223698,35.35442368774207
0607133990,-116.92424830126087,34.26317173227637
0607134110,-116.4839186810206,34.100908329300836
0607133701,-117.00390378978939,34.00761227631274
0607110745,-117.39358160844273,34.4334076645586
0607133605,-117.2609188418532,34.16669242856644
0607111065,-117.22417997859806,34.42595836086577
0607110370,-117.27811053141399,35.16048456867953
0607134010,-116.85258172290963,34.21637951978594
0607110990,-117.33965607406857,34.308128519895405
0607134145,-116.85237677144892,34.041090623679324
0607132470,-116.01682879962469,34.05455219687478
0607133725,-116.96370743797777,34.01074869155775
0607132465,-116.21319979480737,34.36961067489276
0607133565,-117.1209348450091,34.02597620951252
0607110380,-116.98882166990838,34.86933056835442
0607111460,-117.09445197373526,34.52978729604285
0607121980,-117.29775866095287,34.24834833648359
0607110320,-116.0739169582249,35.27060357600965
0607154905,-117.3072892658789,34.20295170607176
0607121950,-117.44357805808761,34.278343327283565
0607110505,-117.60293457537126,35.629776736519304
0607110020,-117.39478421364518,34.463797575965046
0607110200,-117.58523121861957,34.61250492676443
0607133785,-117.07556648415596,34.331649874919265
0607110215,-117.3525070644825,34.61781950918978
0607133140,-117.10654708622666,34.04432849790664
0607111415,-117.3189408753019,34.67928155177825
0607121945,-117.25901168589658,34.295642145500295
0607110310,-117.02685661632593,34.89700811200908
0607121565,-117.59482127927073,34.199483087300536
0607110805,-117.35040997240785,34.62102869425373
0607110840,-117.24138463588984,34.436161276909424
0607110230,-117.33328149624023,34.582827319202885
0607132805,-117.08070895011035,34.084171390286016
0607110550,-117.02643891750841,34.918030825848994
0607110175,-117.42147901854044,34.45213943386518
0607132395,-116.57332843129578,34.505541243035346
0607110965,-117.366217548978,34.34888735591789
0607110415,-116.68230645815963,35.04251905776359
0607133165,-117.04639869348952,34.08615657843982
0607121790,-117.55053823064684,34.155121061428005
0607133640,-117.1253343607356,34.043946424073404
0607132355,-116.7011431960866,34.3846577302251
0607110005,-117.33660420077045,34.58498520790939
0607121808,-117.47480705732868,34.17620652439629
0607110635,-117.40759461966857,34.758797648666516
0607133960,-116.85293657697308,34.25283610653866
0607110145,-117.62431268204006,34.471366819651806
0607134095,-116.46786091443477,34.13523156755143