0608531695,-121.89208958853062,37.43430209252381
0608531715,-121.92384483838097,37.45432406306046
0600110070,-121.9419079722097,37.552631866585735
0600110090,-121.90751256446846,37.54512201378674
0600110085,-121.9267858263607,37.54413361619971
0600110075,-121.89104223898475,37.489704821079265
0600120725,-122.07221168623316,37.51851397133757
0600110050,-121.95109033004756,37.47384310250226
0600120720,-122.01262844347673,37.47800894021087
0600110080,-121.9361597173498,37.55769526220688
0600110055,-121.97708957301509,37.53919820397928
0600110065,-121.90897070382185,37.50537603968307
0600110095,-121.93820762481302,37.5326849351389
0600110100,-121.94258616766466,37.51397082258642
0600110045,-121.93516365158871,37.49678136835374
0600110040,-121.93221792187178,37.48761308064128
0600110105,-121.91898353173568,37.5607337647256
0600120730,-122.03503789628279,37.52040831903616
0600120515,-121.97634949098357,37.50066498367844
0600120715,-122.00685636372552,37.52040199841455
0608531680,-121.84391132437791,37.42085252013589
0608531885,-121.8435448266557,37.411721173278245
0608531860,-121.84170232561543,37.4102040413695
0608532075,-121.83313833191691,37.39662708630965
0608532200,-121.83538640003171,37.3964835257053
0608531935,-121.8367350805558,37.40294750054903
0608532050,-121.81185176469242,37.41307320054039
0608531805,-121.82795179971004,37.41627689454138
0608531930,-121.82785201506226,37.40457512100589
0608542600,-121.98883190540548,37.3271991074026
0608531990,-121.93889132558498,37.36976984193119
0608531735,-121.97785874473814,37.443997982450824
0608531600,-122.02419005229751,37.427472706265675
0608532185,-121.83574117326204,37.38902652825217
0608531870,-121.84857678488463,37.41764826662007
0608531875,-121.8552485149204,37.419417053347246
0608531865,-121.85499195574734,37.417137686173675
0608532065,-121.82588828754429,37.3956844560702
0608532205,-121.82625931179824,37.39441742766898
0608531895,-121.94017175774884,37.400348698408976
0608531770,-121.97038708557915,37.4183143882539
0608531670,-121.98262821538322,37.415723951213764
0608531765,-121.99154013282735,37.41710023167114
0608531570,-122.0096983482752,37.36184055916707
0608532045,-121.8130428454902,37.42502109576309
0608531960,-121.85376214796496,37.41628220782898
0608531690,-121.85081217975723,37.41043880295856
0608532225,-121.83467717190271,37.38115039292306
0608531595,-121.99452575175589,37.416054249961185
0608531665,-121.98718907093115,37.41011899946978
0608531660,-121.9915642830203,37.406833624265076
0608542545,-121.96721318152375,37.37195275696332
0608531700,-121.88869207278391,37.409355754805695
0608531720,-121.89589206939254,37.393099285731694
0608532060,-121.78701515742624,37.40754944928244
0608532040,-121.78864080347867,37.40268159475641
0608542570,-121.98691144749215,37.38609647975969
0608542530,-121.98009612509462,37.37040805597934
0608531590,-121.9982619524006,37.41234518414737
0608531835,-121.86691714902702,37.36812138128474
0608531825,-121.87465916700809,37.368194899974874
0608521330,-121.87928104647357,37.36322156517235
0608521225,-121.88153145932529,37.36535350145178
0608531925,-121.9253204739672,37.42238650129289
0608531920,-121.92870586658069,37.42186481701066
0608531915,-121.92821285165266,37.415080833485476
0608531890,-121.9167303621949,37.38929196522738
0608531575,-121.9977883387559,37.40334319635155
0608531615,-121.99904817738856,37.38159935478632
0608531620,-121.99979582518837,37.386048166467916
0608542580,-122.00372264553856,37.377042927595625
0608531635,-122.0208185602828,37.39096037059843
0608542670,-121.96662564680376,37.344569216480636
0608542540,-121.96674959018009,37.32602002562009
0608531655,-122.03510205863883,37.407580812942676
0608531650,-122.04251547113913,37.39984303467686
0608531790,-121.8883892088621,37.36837735908252
0608531795,-121.88902505470747,37.362970219953645
0608542660,-121.9485181839425,37.32440707745382
0608542695,-121.9516396726143,37.32923144215827
0608542700,-121.9515226715004,37.32848389571965
0608542690,-121.95694485068547,37.32593246412432
0608553440,-122.0375930898415,37.36717334487881
0608553425,-122.04640833244846,37.36192197088522
0608553650,-122.00909605399639,37.319840223136595
0608521460,-121.83619351931488,37.37710705718957
0608542525,-121.93113962955898,37.34753699715065
0608542565,-121.93189069429955,37.34387020310178
0608542560,-121.93246297293099,37.33794629545873
0608542590,-121.9351562480492,37.33770975026081
0608553595,-122.04627780316982,37.3172268724647
0608531710,-121.85905533623864,37.45712488216799
0608531685,-121.85943456164306,37.438517811908454
0608531675,-121.8479891181904,37.42269252734787
0608531705,-121.86666095102665,37.43404312235078
0608553585,-122.0643633487492,37.28198168580183
0608553580,-122.0682828357723,37.28664801371488
0608542555,-121.9417760420592,37.33777253759733
0608542370,-121.99960420750166,37.32174462642091
0608531760,-122.01628664718,37.435610737242975
0608531605,-122.05128444858205,37.44224833605173
0608553645,-122.00518096695112,37.30150277963484
0608553620,-122.02177677746724,37.30334684717064
0608553355,-122.0067262217966,37.34458914375592
0608553590,-122.00871263675631,37.33527540294635
0608553415,-122.06222382956916,37.3527831683504
0608531940,-121.90410704775752,37.3745153502886
0608531955,-121.89749864239907,37.3664991388353
0608531950,-121.90379967020365,37.367908897276635
0608531780,-121.8670176352779,37.3929722855603
0608531800,-121.87132496402982,37.394781062037275
0608531725,-121.87603709294038,37.4031265660629
0608521445,-121.83297519707138,37.37892265800798
0608521450,-121.8394070431006,37.37814515438617
0608553455,-122.01541862893814,37.352813404185994
0608553310,-122.08494055387078,37.33291652525905
0608553125,-122.07993360975877,37.323747179310374
0608531945,-121.90756940878377,37.36923816359502
0608531910,-121.92719069447266,37.37799543611462
0608532195,-121.84059270223639,37.385946223916164
0608531840,-121.84411013641507,37.38082242548789
0608531815,-121.85091257540839,37.38075232036225
0608531775,-121.85412334425584,37.38675566253535
0608531855,-121.85763979588764,37.38170424437778
0608553170,-122.08075467608661,37.30055842385466
0608553600,-122.08868465575381,37.30438528937538
0608531900,-121.9326981040607,37.407487074868456
0608531905,-121.94528143097625,37.40004667883519
0608531850,-121.86323767152429,37.37381016191376
0608531830,-121.85761608520657,37.368986675674876
0608531845,-121.85454130097428,37.36783636626252
0608531880,-121.83778817114379,37.40579227667441
0608532025,-121.80079216348156,37.41521560867747
0608532020,-121.80480655903915,37.4048796764883
0608553420,-122.03545139414388,37.353764637063
0608553445,-122.03814078889928,37.34522018543866
0608553615,-122.03141130391842,37.33784336418244
0608531995,-121.9355623979059,37.372019464870334
0608542585,-121.93167803267939,37.356918423300854