0605911421,-118.00812130185653,33.748092200715
0605921412,-118.00587912496006,33.737312123558695
0605911426,-118.00151865411257,33.7375918187694
0605911901,-117.97676397061852,33.76282841421664
0605911531,-117.97432930728178,33.74839616868474
0605911541,-118.02427453726186,33.765284256630245
0605911546,-118.01959508947377,33.755644840929875
0605912452,-118.02366865171616,33.773990686111084
0605911931,-117.96475988014959,33.76906607088911
0605911936,-117.95968888889857,33.770911039434765
0605911941,-117.94978923671606,33.77176376871113
0605911916,-117.97309583212602,33.76962727783506
0605922421,-117.9960856953928,33.795584096191455
0605922431,-117.99029762773135,33.79716957593642
0605922426,-117.98868976638781,33.79160805593152
0605922436,-117.98437886428898,33.78787165923983
0605911946,-117.9543522765387,33.79589235238486
0605912401,-117.97473295443504,33.78088418459907
0605912406,-117.96990271637644,33.771963063909865
0605922411,-117.99534446215559,33.78646673104719
0605922416,-117.99363262671004,33.787303051974426
0605912441,-117.98189515657178,33.7876561224392
0605912446,-117.98495871495572,33.788863550535574
0605912451,-117.9859224276226,33.79209437934653
0605922516,-118.04729559123764,33.83191998380484
0605922456,-117.99701921130776,33.80847618578503
0605922461,-117.98341837443478,33.809363700271746
0605912466,-117.97911383754968,33.79336942989777
0605912471,-117.97415033650142,33.79873547186945
0605912476,-117.96660228412297,33.789059911754975
0605922481,-117.97820091883992,33.80477366488136
0605922486,-117.97385339221407,33.80394441971461
0605912496,-117.97254553447954,33.804490111031996
0605921771,-118.0003865885705,33.79728926295861
0605911806,-117.99305327110082,33.758748481569455
0605911811,-117.98895622438988,33.75159751865313
0605911816,-117.984975019511,33.75109668898681
0605911356,-118.03204652731823,33.756268864524394
0605921361,-118.06051722033006,33.795563163847795
0605921366,-118.0608558507684,33.81398904229979
0605921367,-118.05736114765106,33.81397840051995
0605921371,-118.05121384263212,33.80671381324707
0605921386,-118.03869547992674,33.79861066378569
0605921381,-118.03831525919068,33.79433673130508
0605921776,-118.00643391030307,33.80103526840988
0605921781,-118.00846639099298,33.805438359409294
0605921786,-118.00715075445787,33.807348706171055
0605921791,-118.00245135158062,33.80956397253062
0605921796,-118.00329333990014,33.81284546543239
0605911821,-117.9825323161323,33.7579745359296
0605911882,-117.98580603100841,33.76646365493858
0605921331,-118.08041001162903,33.78859896683633
0605921336,-118.07426313622376,33.81257353761895
0605921341,-118.06749079145601,33.81387819535592
0605921551,-118.02026100961243,33.7812240065812
0605911556,-118.00024206169611,33.75533570569404
0605911561,-118.00556412043832,33.76147962770896
0605911566,-118.00308918645443,33.76031946235561
0605911571,-118.00047535071936,33.764651675260644
0605911581,-118.0056636007825,33.770134589225776
0605911586,-117.99811131003483,33.7689781838845
0605921591,-118.01678373545015,33.791899920759086
0605941596,-118.02377537033439,33.81346747530277
0605921761,-118.01496836159647,33.808252401873155
0605921766,-118.00032433700592,33.789851389489094
0605921391,-118.01979666587347,33.797127026617424
0605921376,-118.04644145125435,33.80535387826257
0605921396,-118.03811068821614,33.81282220169503
0605922546,-118.02373380840612,33.82827286277567
0605922551,-118.02171738772861,33.82078798340747
0605942556,-118.01706976334413,33.81873181901437
0605942241,-118.0143409925121,33.8271203757336
0605942531,-118.03072059773999,33.83334697724937
0605942536,-118.03081857316849,33.83705280603517
0605942246,-118.01646028430117,33.82905928906316
0605911466,-117.99581850337968,33.748069667914244
0605911471,-117.99197356993969,33.74325606712842
0605911831,-117.9946212891782,33.76772433775442
0605911836,-117.99586367163776,33.77427630054056
0605911841,-117.99057877974272,33.77020236047439
0605911846,-117.99142620770876,33.77195717841715
0605911851,-117.99107646708579,33.77287996667356
0605911451,-117.9943349629686,33.74256594292844
0605911501,-117.98932818766596,33.747657379023266
0605911506,-117.9822058764096,33.747897030994245
0605921856,-117.99612564622886,33.780487601584895
0605921866,-117.98974400524072,33.78208799121281
0605911871,-117.98380046152619,33.7688540671389
0605911876,-117.98613871801496,33.774751154131415
0605911881,-117.98355429823192,33.768191513224274
0605911886,-117.98302450411086,33.77227547218469
0605911891,-117.98286707436,33.7747709297147
0605911896,-117.98395429577299,33.78126433443813
0605911966,-117.93617658089387,33.7911223033573
0605911986,-117.93131408624643,33.75896685502039
0605911996,-117.9315391377686,33.7808524790517
0603743813,-118.20877496559706,33.78511519329806
0603743870,-118.20870275381941,33.79194034534324
0603743810,-118.19872799898717,33.784528546697494
0603743867,-118.20078332442134,33.79167362870538
0603743855,-118.19837582434378,33.79810274327851
0603743828,-118.19608885806899,33.807556484890696
0603743534,-118.20129583616067,33.811036972960714
0603743831,-118.19750757361749,33.812097317585526
0603743798,-118.19751299139011,33.77715469954221
0603743504,-118.22185030189334,33.78704353515154
0603743471,-118.20596441526335,33.744302315961114
0603743483,-118.22281299525693,33.77042066031082
0603743819,-118.21764039730958,33.78370094240012
0603743816,-118.21601184929035,33.783699399518824
0603743837,-118.21210000288848,33.780834319555694
0603743834,-118.20398555885338,33.7685671008917
0603743852,-118.22110978106289,33.795210368687265
0603743858,-118.21296149738419,33.79166767039094
0603743864,-118.22210435260811,33.80503666350416
0603743861,-118.22201124547927,33.80998237565973
0603743531,-118.2133451463627,33.810200789858484
0603743840,-118.20437702040596,33.77270661064566
0603743843,-118.1990898596585,33.77793526771027
0603743822,-118.19099318029909,33.80264111916648
0603743537,-118.18956872384446,33.81553462961027
0603743804,-118.17439519499207,33.784280029539566
0603743795,-118.17187853788536,33.787098232118375
0603743894,-118.17664740474146,33.793000549528735
0603743897,-118.16818901244768,33.790757232522296
0603743786,-118.16389323607883,33.7863199865447
0603743480,-118.13002125028072,33.82750337629751
0603743666,-118.24218821950052,33.762048725804156
0603744176,-118.11215824179445,33.82760995834467
0603743468,-118.10166642527739,33.81351583411321
0603743753,-118.09045986040707,33.80053898197408
0603744056,-118.2181308468712,33.82497153141494
0603744062,-118.2087185181576,33.82736593754526
0603744059,-118.2034795454148,33.827662311688925
0603744050,-118.20802077609441,33.838351233615334
0603744038,-118.18841720336835,33.84468494612936
0603744086,-118.17622720613845,33.82156456442855
0603744083,-118.17618125721742,33.82545085584556
0603744101,-118.17193139270992,33.82954956928317
0603743960,-118.16574483343479,33.82400985360504
0603744110,-118.16633035508418,33.8278647786806
0603743915,-118.15349550620297,33.77715013340916
0603743912,-118.15349295906432,33.780775580225814
0603743909,-118.14674233743156,33.77278117892951
0603743891,-118.1737177122124,33.77884143193354
0603743879,-118.17674920090462,33.78071363649236
0603743777,-118.16164943273047,33.78078364697672
0603743807,-118.19309034956133,33.785248345477505
0603743825,-118.18719917371051,33.786225858692625
0603743759,-118.13355681275544,33.75563628383764
0603743906,-118.15674906951881,33.786197422926236
0603743801,-118.18514280149643,33.79047726640426
0603743876,-118.18435831313732,33.77715295338496
0603743885,-118.1795594053914,33.78093945011704
0603743888,-118.16738450733719,33.76491669345306
0603743768,-118.16185081903637,33.766881259345105
0603744053,-118.19386384876047,33.823701067572905
0603744098,-118.18718328520913,33.82052842945635
0603744095,-118.18718190850619,33.82443019783593
0603743513,-118.182568371459,33.81696057089964
0603744089,-118.18175497876378,33.828349521558806
0603743921,-118.14548868238325,33.79789222823333
0603743927,-118.15767923727702,33.80361928504462
0603743783,-118.16082346354753,33.80881672685988
0603743498,-118.15173413822615,33.81590833021345
0603743930,-118.13783910201697,33.791343259776134
0603743933,-118.14186338443996,33.797878721427324
0603743918,-118.13803568299626,33.79981396154173
0603743900,-118.12923676232157,33.79210003218354
0603743516,-118.17423391854199,33.81198183456175
0603743501,-118.1681922669941,33.80285768537843
0603743780,-118.16234241481176,33.80949394661748
0603743438,-118.49151225540716,32.91010678571305
0603743441,-118.44963596174334,33.392067197317864
0603743444,-118.33134183562382,33.33388532830613
0603743465,-118.06835733493251,33.82061280431071
0603743903,-118.14679125808259,33.78724858129852
0603743924,-118.14705253552138,33.79570629226884
0603743756,-118.1179517872718,33.78229304097275
0603743771,-118.17111891836603,33.77414297286755
0603743792,-118.19935621592509,33.77392708010511
0603743789,-118.1913417923349,33.772442157356885
0603743882,-118.18704076437658,33.780701528025155
0603743936,-118.12112297914923,33.79195841073086
0603743750,-118.11678539411677,33.796141162740604
0603743762,-118.14783483532477,33.76696808213583
0603743765,-118.15929525830917,33.77031145403699
0603743774,-118.16112184066414,33.77351948818084
0603743873,-118.17996027547619,33.7679350414852
0603744107,-118.1659505123789,33.83017879718384
0603744092,-118.17164788765905,33.83822802383684
0603744035,-118.17233984125528,33.84727093093625
0603744113,-118.16595007361799,33.83968668313143