0606740976,-121.18086652623775,38.69843652462353
0606751741,-121.33303111333939,38.575133705547415
0606751825,-121.30744612126666,38.565038252358555
0606751822,-121.31885978061717,38.55035839948161
0606741096,-121.25190450523337,38.66716740284477
0606741078,-121.2562849686374,38.673747542321166
0606741075,-121.25863326711074,38.68071702012528
0606741024,-121.26162385312286,38.68903446989566
0606741030,-121.2927479298106,38.71871658519638
0606741006,-121.295858188584,38.714878668801354
0606741027,-121.29475044884524,38.7039950631786
0606741174,-121.18844649899647,38.677390477326384
0606741177,-121.19375838739518,38.69282173937828
0606741138,-121.23415143261128,38.70558772614523
0606741126,-121.21852255828237,38.69213320321496
0606741150,-121.2212363360825,38.668627632612534
0606741162,-121.23955239751922,38.67055491848329
0606741159,-121.23962514921986,38.66686274337063
0606751408,-121.32678086997758,38.56765661350423
0606751831,-121.33341912741672,38.55592193452674
0606730763,-121.34869119039858,38.598775065073994
0606730745,-121.35194792672644,38.58916153863863
0606751747,-121.34140331480354,38.57458294223814
0606740979,-121.1932463850715,38.68576628332248
0606741180,-121.200427496698,38.68067444849987
0606741123,-121.19254812989838,38.66781971876977
0606741132,-121.19816129622806,38.67172801278042
0606741129,-121.24076031456107,38.713112287940696
0606751843,-121.34660246269335,38.56905677311453
0606730748,-121.3564146494692,38.59666260649162
0606730742,-121.36139539502184,38.59395857957678
0606751396,-121.24828996960653,38.56218224714971
0606751393,-121.25728832990747,38.566573299139364
0606751723,-121.25495924387386,38.56064479900884
0606751354,-121.28320685729486,38.5963921405969
0606751378,-121.2868326509094,38.598852648750395
0606751279,-121.36145632797339,38.383460399013785
0606730871,-121.38056710592379,38.62944537187142
0606730796,-121.37306982398633,38.62475485871701
0606730829,-121.3737934663516,38.614011402765364
0606730730,-121.37409801761763,38.60671260558605
0606730838,-121.38393414872704,38.60247345489267
0606751669,-121.36634308035755,38.51232576361782
0606751660,-121.36632671699394,38.50898342380136
0606751540,-121.33847816735721,38.45522815962369
0606751276,-121.33065790911726,38.42313082780599
0606751294,-121.34397721278745,38.438154538797576
0606751714,-121.35973565829507,38.46939975250242
0606730820,-121.38520014567676,38.57810572313087
0606730718,-121.38453521444943,38.57465333974635
0606730877,-121.39684538175672,38.58866747707072
0606730715,-121.39433317593301,38.57783792350884
0606730685,-121.3926163084958,38.57460399083896
0606730691,-121.39156834161567,38.56971933357206
0606751357,-121.29476010582604,38.5824927454934
0606751381,-121.29619666955594,38.59954506385071
0606751384,-121.29878438070837,38.59500828698158
0606730823,-121.39050396477896,38.60980555530658
0606730814,-121.35248842675232,38.61956625217705
0606730766,-121.34211059645192,38.60769599039349
0606740991,-121.32480730193045,38.67836091875749
0606740985,-121.32774500795033,38.676438672200696
0606741060,-121.32682056475761,38.6743375387819
0606730967,-121.33850826738522,38.60006796499992
0606730955,-121.33952782338449,38.58647335128706
0606751735,-121.33228655989808,38.577618346923586
0606751360,-121.29947273051746,38.572908022553044
0606751738,-121.2803300204684,38.55081664385874
0606751744,-121.29875164648475,38.56537965292918
0606751828,-121.3067928358988,38.56656237904704
0606730943,-121.3116617156933,38.66484569777591
0606730946,-121.31179523045874,38.66395028239761
0606751267,-121.48481245145257,38.42831438659598
0606751399,-121.29822998885051,38.57097016172896
0606751402,-121.29756953236338,38.568254218239055
0606751363,-121.30035010649517,38.584293001468076
0606730811,-121.36658588210135,38.631035937133326
0606730712,-121.35995531440916,38.60251163777416
0606730733,-121.36221016287685,38.60842041909748
0606730907,-121.30792749079001,38.65301849157489
0606730904,-121.31981475600924,38.6553846182336
0606730949,-121.32093678079863,38.643709357978146
0606730940,-121.32388744982552,38.659773674552554
0606751351,-121.24042549635043,38.58294501432358
0606751348,-121.21806510363243,38.53603480394883
0606751318,-121.47293277432742,38.40626596805863
0606751342,-121.39546077057703,38.38862914614476
0606751333,-121.43548005947245,38.393538236164105
0606751606,-121.37680828651143,38.50001956098954
0606720460,-121.37646970563117,38.48954930416037
0606720463,-121.3884860689821,38.49077974301669
0606751615,-121.37759187053506,38.48014263046483
0606751708,-121.37984875623569,38.47172042637138
0606751546,-121.39226749883265,38.462293326331164
0606751717,-121.40174945454775,38.45743228495289
0606751297,-121.39161610023278,38.44535535531841
0606751447,-121.28207819851104,38.348571106166524
0606751471,-121.28459839153172,38.33998948964251
0606751441,-121.25436615412548,38.31231857843354
0606751444,-121.25311514302933,38.284129122233814
0606751474,-121.2902635241991,38.31688575004563
0606751645,-121.19603898801154,38.453382837258516
0606751438,-121.16214847345874,38.39028702442127
0606751675,-121.17685568830098,38.38240961936525
0606741054,-121.12184407559268,38.63190271703611
0606751726,-121.15576172262242,38.578491392831374
0606751633,-121.1568017316235,38.54001725612861
0606751621,-121.1653932461388,38.56403563486413
0606741120,-121.19616694770973,38.65479517411318
0606741156,-121.20160602630949,38.663173029379
0606751375,-121.31043514213931,38.59473188511017
0606751372,-121.32118216345243,38.595149881277116
0606751387,-121.31763901263018,38.58532343846525
0606751303,-121.38575774033107,38.430895353280945
0606751339,-121.37383724969149,38.41511107593359
0606751456,-121.30651982800882,38.329397566205984
0606751528,-121.28457930487343,38.29229130217015
0606751702,-121.33558598843968,38.35919945306626
0606751687,-121.32901588785819,38.350917649078596
0606751288,-121.35438034501914,38.37298883092299
0606751693,-121.22061401688366,38.39056596167097
0606751690,-121.23138253525043,38.402797728477495
0606751450,-121.23299839750334,38.38328422807833
0606751429,-121.21703769049664,38.359321408938065
0606741153,-121.20773289924045,38.66322719934388
0606751234,-121.20390978697498,38.63593206565288
0606751720,-121.19773012528412,38.61420274189518
0606751432,-121.05205142445348,38.403799761501915
0606751417,-121.10796411118373,38.33914930376945
0606740973,-121.142075347788,38.67224820880968
0606741048,-121.19137425413042,38.71423223981821
0606751477,-121.18932805472281,38.26818427225626
0606751366,-121.30812437508929,38.572996981429164
0606751405,-121.3136898931887,38.57330046222334
0606751390,-121.32679828421598,38.5878283784478
0606730964,-121.33264278468258,38.59838357620563
0606730970,-121.33489030419112,38.595451145742395
0606751486,-121.21135000234138,38.25488981218716
0606751483,-121.23564710089762,38.27012076994908
0606751480,-121.23576211945424,38.25471788200802
0606751489,-121.25439905147084,38.26993075657248
0606751519,-121.25660924924364,38.2552380363187
0606730898,-121.33295144574254,38.6534301299446
0606730901,-121.32891885231511,38.64842386398014
0606730640,-121.33619878790616,38.64519790238121
0606730661,-121.33698225607195,38.63718224757128
0606730958,-121.31031502966086,38.631846134910944
0606730961,-121.3179707704984,38.615565748703375
0606730664,-121.33675235641861,38.63211936130331
0606730757,-121.33660834983735,38.621495446896084
0606730760,-121.33292973901817,38.609581070152295
0606741093,-121.24642777757802,38.65407144829554
0606741117,-121.26261122925632,38.66526481942328
0606741099,-121.27069034196931,38.65538982744455
0606741186,-121.2485880658117,38.62669899208849
0606751411,-121.26744272873066,38.6138400764447
0606741072,-121.28731939121455,38.66292439184927
0606741069,-121.28670372812023,38.659778386620815
0606741171,-121.28040410305432,38.63543920764701
0606741105,-121.28497255072256,38.64546298528156
0606741015,-121.30711532206922,38.70292594513885
0606741021,-121.27908238166447,38.69481044909675
0606741018,-121.2850530800792,38.67815022292953
0606741000,-121.29611529955251,38.696735517491426
0606741003,-121.29806143466938,38.67638164541396
0606740997,-121.29578610665787,38.667215332328304
0606730925,-121.30394887656163,38.6671018010749
0606751300,-121.4095248110345,38.425026909574335
0606751306,-121.42477525696455,38.43452669291417
0606751330,-121.42203715424172,38.42707992653175
0606751258,-121.4311957603183,38.42960971103976
0606751255,-121.43611509115064,38.425815224839475
0606751264,-121.44242850529098,38.427639259826435
0606751522,-121.31279561843196,38.29367488287061
0606730844,-121.38507943881503,38.60495730319484
0606751537,-121.35647172185196,38.45932249242639
0606751819,-121.37707087467771,38.54526676024961
0606730775,-121.39693466691305,38.56417354981088
0606730622,-121.33042757974029,38.66970531760642
0606730574,-121.33232312446073,38.67537427496942
0606740994,-121.31093176432753,38.69664141277784
0606741012,-121.31028490816523,38.67215349159531
0606741009,-121.3204558301913,38.68054005985998
0606730931,-121.31924270103943,38.667891808843066
0606740988,-121.32924998660452,38.68735050123421
0606730616,-121.3308062090504,38.683535863405474
0606751324,-121.43294005916715,38.41579276707858
0606751327,-121.4458491431017,38.42085979952761
0606751261,-121.4474009190921,38.42237809937509
0606751315,-121.45064709735958,38.41762283002298
0606751309,-121.45179924250002,38.41280919392081
0606751321,-121.4524737528581,38.40747871417613
0606751249,-121.46022459646535,38.42543009113869
0606730706,-121.37295703830434,38.59989236062955
0606730808,-121.37945746113286,38.59658266562042
0606730772,-121.37611421495818,38.59209537370772
0606730805,-121.38158881407594,38.59869013845785
0606751648,-121.24350214411253,38.47204286806106
0606751624,-121.27765130793159,38.529695038178964
0606751627,-121.29683566106837,38.50364966661272
0606730670,-121.37488823909914,38.63748011250069
0606730679,-121.38075386630192,38.636377982340264
0606730928,-121.29826652930079,38.66409983412891
0606730919,-121.29622302740209,38.653762118582705
0606730913,-121.30396400574388,38.66089485972111
0606730835,-121.34829176088012,38.61367357983501
0606730709,-121.35449469523098,38.60899866473134
0606730736,-121.3504492393493,38.60632768498008
0606730676,-121.35962361753798,38.63145681220734
0606730817,-121.35987435725352,38.61929144938035
0606730934,-121.3308164316056,38.6641776610018
0606730937,-121.3307735946958,38.65863218718875
0606730895,-121.33536402267401,38.664590334804714
0606741033,-121.27049726104765,38.71062387739686
0606741144,-121.2464982770321,38.692156533689854
0606741066,-121.24837977969061,38.68910321676899
0606751609,-121.3818771614323,38.47960966068838
0606751612,-121.38953416456654,38.499768958513805
0606751531,-121.403561638349,38.49969995311064
0606720427,-121.40139392964913,38.4884217942855
0606720424,-121.39936572798655,38.47789706396969
0606751732,-121.16828278024626,38.58993740712808
0606741084,-121.20961526415924,38.660569078376895
0606741051,-121.21516907069886,38.635442801450566
0606741063,-121.2192040057232,38.643173909880566
0606741147,-121.22612642023284,38.665998955323154
0606741087,-121.23042086208991,38.662164166416304
0606751252,-121.4681574893636,38.42735183540508
0606751312,-121.45726651252228,38.4120925460759
0606751672,-121.32624664390633,38.48546145686091
0606751654,-121.3544159834802,38.52976693263689
0606751657,-121.34825320185612,38.51913446325423
0606751663,-121.36697067429799,38.53162346345571
0606751666,-121.36599234106777,38.519859705483356
0606751651,-121.35829237272092,38.50886904647468
0606730874,-121.38178825297308,38.59713715171405
0606730853,-121.38776236375298,38.59940050059731
0606730847,-121.38761861950326,38.588527561923065
0606730688,-121.3736851213687,38.58371105268006
0606730727,-121.37478820621844,38.57198985493284
0606751699,-121.25110694332099,38.4593868567509
0606751696,-121.24202590181791,38.44884329822252
0606751285,-121.29040646422146,38.446504412819884
0606751684,-121.29870569627367,38.468255019638896
0606751291,-121.29167437361357,38.42928598813164
0606751705,-121.30402657340181,38.4048098836664
0606720430,-121.44294505198974,38.494686350449335
0606730646,-121.3577179234003,38.6408027303175
0606730652,-121.36263600193675,38.63791879551013
0606730916,-121.30125440906384,38.65370180098931
0606730922,-121.29451776910834,38.646966875795414
0606730910,-121.30333027495875,38.64419038428275
0606730952,-121.30639302540192,38.63829463375572
0606741165,-121.28135835799834,38.62834634481342
0606751534,-121.40365441399895,38.46991392516229
0606720343,-121.42829138048758,38.504065458555246
0606751345,-121.37277663187419,38.404568259114846
0606751336,-121.39889540454476,38.41546298209975
0606751282,-121.37069691555244,38.394805842081524
0606741057,-121.08560501810535,38.639495322509376
0606751618,-121.06364208696544,38.55492822768227
0606751729,-121.10750199677987,38.596921962394404
0606751423,-121.20556266668824,38.298176861172514
0606751420,-121.22202519510522,38.32188038749877
0606730754,-121.36018879263911,38.587891406914444
0606730802,-121.37130373149401,38.59660722947452
0606730739,-121.36539078455736,38.585876641689964
0606740982,-121.18862382551602,38.67961931085393
0606741183,-121.18992430929991,38.67864017534631
0606751525,-121.27378857926968,38.267036057738125
0606751516,-121.28880845914227,38.261758641137234
0606741102,-121.23422624211614,38.647438053571356
0606741141,-121.24857939699908,38.68318218981053
0606741081,-121.25505658749857,38.68778345251496
0606741135,-121.24657710297166,38.675559296079506
0606741090,-121.24970280498266,38.67202890224138
0606730631,-121.37016936300542,38.636296472526816
0606730658,-121.34423264158669,38.62993827376763
0606730832,-121.3480595227443,38.6229068203743
0606730673,-121.35137704980983,38.631034270537775
0606741168,-121.28779419992875,38.63105934513141
0606751369,-121.288011294142,38.61377525125978
0606730643,-121.34758736551255,38.646019723165274
0606730655,-121.34909823370974,38.633672499417
0606730649,-121.35056112098356,38.63734949939645
0606720421,-121.4217511000871,38.499725153144404
0606720418,-121.41668786399507,38.486363171051636
0606720433,-121.43602557114865,38.49943208011467
0606720466,-121.43256692437282,38.48769663473069
0606720439,-121.42831397217194,38.48043336267165
0606751543,-121.38052108866117,38.456621724772575
0606751270,-121.3656704786727,38.445598320802084
0606751273,-121.36307021245877,38.43105635986164
0606751453,-121.25239773291781,38.343111681939014
0606751414,-121.03123345091896,38.4126188021635
0606751642,-121.08392166822317,38.50124210360746
0606751639,-121.10742473087633,38.48763108090643
0606751636,-121.1063387027924,38.47740261986415
0606751681,-121.11261494309684,38.428498639619804
0606751678,-121.16157224912118,38.448041443393194
0606730751,-121.36038867652358,38.57701470601048
0606751846,-121.341561514861,38.559415383955304
0606751834,-121.35315216148341,38.562782015042316
0606751840,-121.34736028756676,38.53574057879601
0606751837,-121.35578999748586,38.549513759920444
0606730625,-121.36701975874907,38.5649111850975
0606751630,-121.13699816753406,38.529367726217984