0606150435,-120.9507929664238,39.089827830176965
0606150400,-120.98747750558721,39.07565671252592
0606130730,-121.09803658050633,38.942911884160985
0606130725,-121.10117452060997,38.93947024833368
0606130105,-121.10287326329143,38.93422779348992
0606120075,-121.27414795228287,39.006605189307294
0606130625,-121.07844939834861,38.91880326760364
0606150155,-121.05002787950919,38.9103879716477
0606150150,-121.06407262327936,38.92549184528439
0606130690,-121.06405393835864,38.91654490619016
0606130700,-121.06581161122021,38.91968268413099
0606150160,-121.07081506776751,38.92202583702939
0606150305,-121.00800166854516,38.96634929153667
0606130675,-121.0864472256923,38.913885321956265
0606130630,-121.09508946491037,38.90262854041824
0606150125,-120.99941394217848,38.953769175346224
0606150310,-121.02341112499904,38.970537835825375
0606150315,-121.02771449782028,38.97594077725284
0606150190,-121.0418426450772,38.9851551357492
0606150211,-121.0319577607298,38.95454863596615
0606130640,-121.10006879827502,38.89849359573995
0606130125,-121.10709852248355,38.90984053697083
0606150200,-121.03739602245108,38.94364504512459
0606150135,-121.04455399999999,38.936388
0606150300,-121.06386882860649,39.00784207029428
0606150165,-121.06984764685815,38.997732294317984
0606150185,-121.05921186397462,38.99244166543882
0606150205,-121.04628403680779,38.96922427133171
0606150010,-120.6264303893553,39.24211579406936
0606150000,-120.69891849683076,39.254205675538294
0609130000,-120.39720928390186,39.62240620913601
0609140005,-120.24335808620873,39.6774365063056
0606150230,-121.06865204137621,38.9786844579258
0606150235,-121.07146437580298,38.96524681184011
0606150245,-121.07605673053183,38.96180241450095
0609150005,-120.24822751811406,39.6754862579329
0609150000,-120.199309978633,39.58878054572194
0609140000,-120.10412148821096,39.62811258444588
0609110000,-120.8708360165268,39.57577176822567
0609120000,-120.40327473628251,39.5515416826303
0606150210,-121.04632018014892,38.955062955480116
0606150285,-121.05693655496646,38.95466682658092
0606150140,-121.04895257973665,38.92876068988371
0606150215,-121.05625256573077,38.943343967664596
0606150015,-121.1202646074118,38.995016828969625
0606150085,-121.14392123428641,39.00600846969852
0606150080,-121.15432088588345,39.00604596645032
0606150045,-121.15124663557793,39.009026982676346
0606150020,-121.12224750162588,38.96304776959369
0606130150,-121.12136082556756,38.93707584880964
0606150070,-121.1338131222309,38.93954220587752
0606150145,-121.06095226137421,38.93019627843829
0606150255,-121.07138203667321,38.95847987761042
0606130705,-121.07469039348142,38.95492192004706
0606130601,-121.07073686975947,38.95005269779341
0606130160,-121.12970257747561,38.930833100957415
0606150065,-121.1533575398989,38.96337697203898
0606130155,-121.15293671268216,38.932708062565624
0606150280,-121.06488547057651,38.9387761270667
0606150175,-121.08488445882269,38.992857550453
0606150260,-121.08736796563794,38.98132051403882
0606150250,-121.07875295013197,38.96725846280615
0606150030,-121.16562289841144,38.94523534276565
0606150040,-121.17974055338364,38.997734607963125
0606120290,-121.18960395474988,38.99767091208329
0606150225,-121.0920633323586,38.968519026549615
0606150090,-120.97482313465937,39.02815788402466
0606150105,-120.93464152708695,39.03090870259067
0606120330,-121.20382328596652,39.007114969455934
0606150050,-121.17995933593411,38.97499604733691
0606120325,-121.18903723448953,38.97584189624919
0606120295,-121.20561617334232,38.98104392486317
0606120300,-121.20525615608972,38.962465969775025
0606120115,-121.23819689591706,38.93897953364514
0606150370,-121.00568802939151,39.05736075147324
0606150340,-121.0091207778983,39.027916849338865
0606150195,-121.00526408377185,38.99520389236311
0606130120,-121.11124793636108,38.921442827829694
0606130575,-121.11660508392691,38.92591110489199
0606130145,-121.12343150903715,38.91971688590692
0606130565,-121.12013531525618,38.90833462946872
0606130115,-121.1423510864188,38.907347183072936
0606150335,-121.0332778991581,39.020434380455946
0606150170,-121.03166550045748,39.0009667695465
0606150455,-120.80526707383652,39.20848773047003
0606150095,-120.84304415377625,39.17593144126993
0606130175,-121.1813739474648,38.913031338592276
0606130180,-121.16829309785338,38.9234213061119
0606150410,-120.88618887227045,39.132828581266295
0606150450,-120.9026309102497,39.14859761410436
0606150025,-121.10387233507585,38.98141340803691
0606150275,-121.10105165460898,38.96818076056675
0606130720,-121.08584615760165,38.953327003107525
0606150445,-120.94238005053496,39.140983947145955
0606150405,-120.94459453219213,39.10818552384933
0606150425,-120.94081962747443,39.0920605853356
0606150415,-120.9542958526506,39.09444230008878
0606150420,-120.94809607928418,39.091659894185845
0606150220,-121.09176499067618,38.957297538764706
0606130710,-121.08766404941842,38.94580575414479
0606130600,-121.08149831908925,38.934664641932116
0606130735,-121.1014825157738,38.955641995981686
0606130715,-121.09632856965408,38.94808691378969
0602150120,-122.04129838994949,39.592896055660766
0602150115,-122.04649811962136,39.47499231011134
0602150110,-121.93857411528731,39.461078931317786
0602150100,-122.01253275787478,39.71764847192965
0602150095,-122.0321939430978,39.64619951715956
0602150080,-122.09601699979203,39.695974297344975
0605710050,-121.01163178799366,39.21679631780525
0605730240,-121.00063712656463,39.201764094932464
0605730235,-121.01140574442645,39.19623716584817
0605710055,-121.03560129120305,39.24472352337684
0605730220,-121.03867848000998,39.243887499484316
0605730110,-121.02682734105159,39.20338450271587
0605730205,-121.02953342416514,39.21882803761928
0605730135,-121.04061656708797,39.22147337576428
0605730210,-121.02526268732507,39.23443251432526
0605730200,-121.02285403733632,39.22808143034425
0605730225,-121.0312609818864,39.24244729486536
0605740270,-121.10813897891589,39.326493929164215
0605750315,-120.8164513844605,39.261558976940286
0605730140,-121.07789720258457,39.25266210140702
0605740290,-121.08265605851184,39.25103897208479
0605730100,-121.08616066097593,39.23148853340965
0605740260,-121.09835506064744,39.199045470812436
0605750345,-120.80439468162365,39.343537636655746
0605710045,-121.09271722842558,39.28123318120408
0605710000,-121.00589218463008,39.27720973411573
0605740250,-121.19794818792367,39.17149914292438
0605740275,-121.21909294456894,39.06382550351641
0605750320,-120.89048193940167,39.31551172831303
0605740295,-120.91032700853289,39.415017260257436
0605750340,-120.9058113735915,39.399600963804055
0605740300,-120.90793423078983,39.39590063294166
0605750335,-120.92365754968024,39.35547281800384
0605740255,-121.04988420941754,39.355864579147685
0605740280,-121.23037217656386,39.23188623132844
0605740245,-121.16316373227001,39.1268276357387
0605720085,-121.08830863523596,39.072653551979236
0605740265,-121.13101067345468,39.26621524034536
0605750310,-120.26755567117293,39.382405311297966
0605750305,-120.66499450447105,39.413708412610575
0605710080,-120.8919621335305,39.2896313855747
0605730180,-121.0487899811067,39.241098873795394
0605710040,-121.05734251431609,39.23735064963836
0605730195,-121.06582848965364,39.248111868211204
0605730175,-121.06149973046128,39.240719004547934
0605730190,-121.07031271274798,39.242443899912935
0605730170,-121.06577835401801,39.239439624808846
0605730185,-121.06848943981834,39.229013410000526
0605730145,-121.04940224150323,39.21577392710355
0605730150,-121.05315220458859,39.208555735326044
0605730130,-121.05502457168042,39.22262217786122
0605710025,-121.02237248513147,39.25942843846145
0605710065,-121.03237171435308,39.27640468160682
0605750330,-120.898377005892,39.286523664399176
0605710075,-120.9140490720451,39.25858380599867
0605750325,-120.93754596637851,39.24493723027187
0605710015,-120.96032559480761,39.18901198984852
0605710005,-120.97138745628983,39.14619254537232
0605710010,-120.99960537077133,39.190431068787916
0605710020,-120.98902360183642,39.135036289818046
0605730125,-121.02479865637704,39.18349301242895
0605720095,-121.02316346029109,39.14279015425838
0605720090,-120.98309921476863,39.11469580451267
0605730105,-121.06339441535695,39.190031870823844
0605730115,-121.06139097016286,39.16602150171275
0605730120,-121.08351368235405,39.17213660076415
0605740285,-121.09130623374142,39.14257358569282
0605710060,-120.98899919570528,39.20777114268091
0606310007,-120.46663580153417,39.81805867414526
0606320020,-120.42551511494834,40.07868998251856
0606330025,-121.25768223292097,40.29935107571165
0606320015,-120.94648066909457,40.09705319447037
0606350035,-120.83737277692894,39.79500212189512
0606340030,-121.10788597952376,39.887543796927446
0606310010,-120.25677760619581,39.863822593518044
0606310006,-120.46705393612937,39.81931938240986
0606310005,-120.47323581653241,39.82413312286528
0606310000,-120.48419048324047,39.84892970701362
0610320040,-122.24025987973587,40.15554865467397
0610320041,-122.24506608369079,40.16958789433581
0610310010,-122.29543246595428,40.23563418675276
0610320020,-122.316749156387,40.20109219929756
0610310000,-122.24188207885031,40.24743541291328
0610330080,-122.2199017786635,40.17982996941326
0610320025,-122.42841879934446,40.16702777533545
0610340130,-122.19124375292617,39.923486664599196
0610320030,-122.32183454692257,40.093924753948095
0610340085,-122.23765633401395,40.04017280888476
0610320035,-122.24718386890851,40.083883690179
0610350170,-122.17133512618794,39.93022594116725
0610330060,-122.15853249117376,40.31825029446308
0610330055,-122.13215625993192,40.216599688333304
0610350140,-122.14934450093149,40.08818933169453
0610340100,-122.11915766899317,40.00063770313021
0610350175,-122.1269008372836,40.02177619001209
0610340095,-122.14484560576003,40.034758081018154
0610340105,-122.15407097439386,39.974234883228696
0610340090,-122.70054225781757,40.06022507933424
0610310005,-122.6634742386813,40.26176784513054
0610350155,-122.10015680633818,39.815923091689264
0610340110,-122.1947592986535,39.81245317865006
0610350150,-122.12168526372659,39.90272640974885
0610350165,-122.13237249918754,39.84590758776813
0610330045,-122.23984153235469,40.34781788954877
0610340115,-122.41153403166423,39.896511509714244
0610340120,-122.29286567342525,39.93244280731184
0610340125,-122.71839863652309,39.8817917887633
0610350145,-121.9040369203147,40.11197015921954
0610350160,-121.8688554402305,39.99648625996478
0610330050,-121.86764131957952,40.21722510747041
0610330070,-121.74935161559166,40.40288465539036
0610330065,-121.91388404630274,40.34450038785784
0610330075,-121.52044980425278,40.26664100470075
0604950090,-121.28008994853589,41.756825832652446
0604950085,-121.38867791168765,41.23771793284772
0604950075,-121.13505556512813,41.33338466956853
0604940070,-120.92589074112114,41.50915589849649
0604940065,-120.72113537773009,41.324333941481314
0604940060,-120.65651530336625,41.450365618896654
0604940055,-120.55357847263551,41.49668070916644
0604930050,-120.40715468451506,41.26213828081099
0604930045,-120.38978910476862,41.4375908983016
0604930040,-120.5527218789981,41.48690433191541
0604920090,-120.9349441557231,41.81311328399988
0604920035,-120.32905174680516,41.91959209569686
0604920030,-120.45816368237877,41.78042962906461
0604920025,-120.61778114244508,41.69590248145848
0604920020,-120.53699906414145,41.48957251569639
0604910015,-120.10552911405986,41.88944975797521
0604910010,-120.12695884273701,41.70200689698716
0604910005,-120.09490238854546,41.31259678188862
0604910000,-120.13128107524263,41.52020822543426
0610330056,-122.22423383638512,40.17517123533948
0610310015,-122.2462385650449,40.18981212070636
0603510020,-120.70320035520217,40.34626608164467
0603550100,-120.09057673990817,39.97438118736358
0603550110,-120.16151576176918,41.096077488740654
0603530050,-120.39239951218653,40.23100795554843
0603550125,-120.19902319407952,40.47366942312002
0603530041,-120.6197380543045,40.43959602021211
0603530040,-120.63062458845928,40.41050665930449
0603540070,-120.65027654375923,40.43039563847972
0603520030,-120.65501342020511,40.413285651993895
0603510010,-121.10459735197162,40.51810672286886
0603510025,-120.86933167310248,40.5606995067645
0603540080,-121.183538194168,40.88837110279013
0603540075,-120.95866204507294,41.04666816341624
0603540085,-120.76498213812452,40.843591155323
0603540090,-120.66635970896331,40.62908702976799
0603530065,-120.5943873043099,40.4469462362521
0603550130,-120.49290486108039,40.602847944096816
0603550095,-120.5091001799004,40.404625838977196
0603550115,-120.17437052652423,40.16323307022107
0603530060,-120.31419453354226,40.25410171993218
0603550120,-120.30481575254217,40.86284891748603
0603550105,-120.484956906987,41.06517210764725
0603530055,-120.58933529117523,40.35630316194282
0603510000,-120.65657290078926,40.3665721571188
0600740336,-121.70232402193673,39.37213959484458
0600740485,-121.70576998475941,39.36936894179345
0600740370,-121.78052151539526,39.49536515186911
0600730251,-121.87056439538419,39.77999465860022
0600720165,-121.89209611892947,39.75680667532688
0600720185,-121.88118521321817,39.73788120989298
0600740405,-121.8942009220323,39.73876057421222
0600740360,-121.78596134973041,39.68953823215686
0600740361,-121.8028029836848,39.70904961336522
0600740420,-121.80727744006352,39.68876958308279
0600740380,-121.80405165405746,39.64508327921718
0600740410,-121.84984836624623,39.7087572613074
0600720155,-121.8545300683974,39.74058916998009
0600720160,-121.98426127189403,39.814500956879975
0600740355,-121.90570002915703,39.70108950762443
0600740390,-121.69193398674938,39.3185427999484
0600730225,-121.90159062279507,39.843005465671794
0600740465,-121.68151622585692,39.61830919868287
0600740415,-121.73198482228217,39.69628685346128
0600730235,-121.79402665272836,39.82954920260272
0609310061,-121.92055037344547,41.964386246631115
0609330155,-122.51144008791816,41.70992240898675
0609310000,-122.53032078980284,41.72754333653347
0600730280,-121.78863390628756,39.760396379726245
0600740445,-121.76930427195671,39.73459294577461
0600750570,-121.65113950523316,39.76143580008576
0600750545,-121.66224533254028,39.76643640233158
0600750580,-121.67353497153509,39.722279677110066
0600730245,-121.75961328875196,39.73774864948495
0609340185,-122.54625890045435,41.71970270904111
0609310020,-122.58127489797435,41.779383724864765
0609310055,-122.54734698213286,41.85462286916854
0609330150,-122.45514084170475,41.68732374342208
0609310040,-122.4948066429581,41.76904820636111
0609340170,-122.60749097850963,41.767136203072866
0609340190,-122.5811711578861,41.6965612985488
0609340175,-122.58773620174811,41.73060759281614
0600740425,-121.7573271696659,39.72225122336346
0600740470,-121.64151403249822,39.66640546754791
0600730295,-121.69579866266582,39.902923306496724
0600750550,-121.6851434291988,39.79305890443008
0600750575,-121.51388258790082,39.99660339121488
0600710130,-121.55623980857362,39.433452484587285
0600710055,-121.53117305550317,39.359415609130906
0600710075,-121.60377774980859,39.373905408433636
0609340160,-122.6311678429,41.72925275322706
0609330145,-122.54424095701788,41.623214502968416
0609310045,-122.40079150060137,41.827388233254325
0609320070,-122.2716494826554,41.22555201606678
0609320075,-122.31503936812751,41.32069244436329
0609320085,-122.34151318502252,41.30212965194802
0609320080,-122.35477323048566,41.21606350074152
0609330110,-122.44141073282886,41.346458375935946
0609330115,-122.45801507083691,41.441648340516
0609320087,-122.27666510825689,41.4208156409058
0609310015,-122.30830785468869,41.60299337110472
0609330135,-122.38381769328909,41.57621003544207
0609330130,-122.37550910804885,41.50796328678392
0609330120,-122.39342899109269,41.43201282132169
0600740356,-121.90977326070997,39.69406139131916
0600730227,-121.88745025216977,39.783252334061714
0600730226,-121.88087814978735,39.786135305205654
0600710145,-121.57183499705855,39.53537326812713
0600740340,-121.57758145419672,39.52669105800596
0600740345,-121.5730471113861,39.51245633948751
0600740495,-121.59412108481872,39.51242959164163
0609330136,-122.21827397947517,41.53794369024282
0609310011,-122.19294897790839,41.49806814053281
0609320088,-122.27793324044897,41.486552768645524
0600710010,-121.52506530253105,39.49693089886456
0600710125,-121.53572041012912,39.47311357958144
0600710085,-121.54471283542841,39.49685167937741
0600710105,-121.58209141807941,39.46969908775696
0600740500,-121.6303971969672,39.502689623295986
0600740350,-121.61954263008685,39.49353774199731
0609330100,-122.38154352299391,41.412793672242984
0609310035,-122.28849427229598,41.71563857786124
0609310010,-122.10329374106068,41.54070076996255
0609330140,-122.5687368100749,41.50986345644336
0609310006,-122.21037223812405,41.34481856882996
0609320081,-122.18543975299723,41.24860870247639
0600710002,-121.5600349071734,39.50854563420383
0600710000,-121.55617673758739,39.49221772786204
0600710090,-121.54497152489358,39.480821667171305
0600710015,-121.56223350912175,39.453235833099086
0600740505,-121.60333975823102,39.477863341817766
0600740385,-121.845087853394,39.59980084871281
0600740455,-121.63835554520057,39.54382413081964
0609310008,-122.19514160028861,41.18904669774919
0609320071,-122.26905656295638,41.26190045060733
0609350216,-122.84106486577988,41.60845235957918
0600710101,-121.54254622961759,39.529901178723236
0600710102,-121.53900293506896,39.519098435794106
0600710140,-121.5474693920797,39.523275187125364
0600710025,-121.55601459340953,39.525959113328305
0600710020,-121.5635035254867,39.51911739600551
0600710005,-121.51936300862927,39.516809129181276
0600710080,-121.25534857361902,39.6111271725725
0600710100,-121.42312812036452,39.49682516069468
0600740460,-121.66751475856742,39.510518247499014
0600740515,-121.66019218129394,39.47527129926063
0600740400,-121.69008951351262,39.4910663499111
0600740475,-121.65362434736544,39.3275370635816
0600740490,-121.69235498768018,39.35559437985906
0609350206,-122.8944986830477,41.45819060776734
0609350220,-122.89352322871086,41.57127742225728
0609350210,-123.17585990850797,41.26769280628558
0609350200,-123.11389996715623,41.55501273685719
0609350230,-123.49826646866556,41.543512220579274
0609350205,-122.82662531373742,41.37398604733248
0609350215,-122.89141375953709,41.63924715513607
0600750555,-121.57272076094849,39.679402826349374
0600710035,-121.59742055030414,39.600785327752476
0600710045,-121.41563064358039,39.46519393799422
0600710095,-121.46407137504863,39.53655534478065
0600710120,-121.47006486096944,39.51109192325223
0600710030,-121.40647009168387,39.397301168408376
0600710065,-121.47588058424483,39.432527702131985
0600710060,-121.48570593554335,39.42277772393322
0600740335,-121.69679856508466,39.36161590793272
0600740300,-121.71007564064566,39.413290732421636
0600740375,-121.76336605503667,39.41746539559634
0600750535,-121.57247841712835,39.73252016793368
0609340180,-122.55332150751101,41.670475740964164
0609340165,-122.64163344049709,41.651793710844
0609330125,-122.50436941647816,41.246915802940265
0609350195,-122.70953703356109,41.80604156105255
0609310005,-121.82006517314254,41.308796291969735
0609310030,-121.78085376805011,41.65383254269486
0609350240,-122.66639251697805,41.948341519767745
0609350245,-122.98785968761732,41.831994178337276
0609310065,-121.5535717794947,41.89787265515392
0609310025,-121.94607329102844,41.91186632665529
0600710050,-121.4775987265014,39.41008255292796
0600710115,-121.49803182156913,39.41288081472849
0600750525,-121.60636270500737,39.75455857321342
0600750530,-121.6254538754013,39.77476504286339
0600750565,-121.61982883561848,39.7203003420941
0600740395,-121.78704213771786,39.34750327341844
0600750540,-121.59384378246752,39.790904554614414
0609310060,-122.31225468086262,41.92616531400847
0609350235,-123.22236015447118,41.875267489045164
0609350225,-123.4583739113616,41.812327023010674
0600710070,-121.54957038318707,39.55503840751085
0600710135,-121.35953217137683,39.676620296736616
0600750560,-121.61173202379877,39.823902624804745
0600740480,-121.63110639925705,39.352630506793474
0609310066,-121.47522064136518,41.9532937766631
0609310050,-122.37654001872772,41.965480380844035
0600710150,-121.1912148179353,39.560296022107494
0600710040,-121.47621070356865,39.75801547024207
0600720180,-121.865332737005,39.72577955702616
0600730215,-121.80527412414918,39.769158465551875
0600730275,-121.8001167886837,39.7439402341669
0600740440,-121.80232025802903,39.73919463659535
0600740330,-121.80426373652844,39.738874873695536
0600740435,-121.80510322954953,39.73864849275601
0600740306,-121.80629799571466,39.738208328429515
0600740305,-121.79971994991112,39.721827896373604
0600720170,-121.8125642157262,39.717848854999396
0600720190,-121.81934575884998,39.729376524137315
0600720158,-121.81936001354252,39.72413388587312
0600720156,-121.81613870877942,39.72165434599426
0600720157,-121.8171110233216,39.72189780064483
0600730210,-121.85585815079482,39.80849216381274
0600730205,-121.86157923683363,39.78340737798879
0600730221,-121.87145943583037,39.78874945345753
0600730230,-121.85324031677077,39.778463722651786
0600730252,-121.85505010076857,39.776945629711285
0600730220,-121.8619783314799,39.776475018564255
0600730265,-121.85743831275919,39.76702347952982
0600730250,-121.86016408003209,39.77171680810769
0600740320,-121.84749473162321,39.71602560093544
0608920080,-122.36918461859898,40.521452251387956
0608920085,-122.37474589115998,40.539167044728856
0608920140,-122.36906656055177,40.556660503964196
0608920160,-122.50033009949081,40.546601812955565
0608920155,-122.4686417288456,40.51793984639038
0608920125,-122.44278539456657,40.52360228275411
0608920107,-122.43362875849614,40.52414833804104
0608920106,-122.4358977370186,40.53799082904483
0608920101,-122.43368037255833,40.56154634026115
0608920100,-122.43340345993445,40.56515024913162
0608920095,-122.42738214014618,40.55755052497567
0608950480,-122.30720889436881,40.502234536734846
0608950490,-122.23895732041497,40.478166714316664
0608950485,-122.28196449330738,40.53025881263488
0608930307,-122.288698674746,40.56110284551575
0608930275,-122.24860019908176,40.542667556374155
0608920165,-122.35945015799564,40.476938564564776
0608950435,-122.36424228302621,40.4991164024722
0608950455,-122.32084003123599,40.43104814043208
0608950425,-122.29710151945073,40.43114145925893
0608920070,-122.32715950990337,40.45847207376708
0608950460,-122.33424402337192,40.48184781929242
0608920071,-122.32064859711791,40.46114602895137
0608930225,-122.35029940069475,40.54918978002586
0608930255,-122.34292851374362,40.53981691534238
0608950430,-122.33786928503754,40.54258459603737
0608950440,-122.30166618205855,40.51706392111678
0608930245,-122.31118143633742,40.53807948369804
0608950507,-121.54738740453294,40.57179455562665
0608950506,-121.37670581350042,40.646641094270876
0608930300,-121.47549978770297,40.78484458876329
0608950515,-121.63691587500907,40.463905076227036
0608930235,-122.31870039768461,40.555790296477966
0608940331,-122.30675348139135,40.55918731493253
0608930250,-122.29968803170928,40.53547479056777
0608930305,-122.29219920987595,40.54663285078252
0608940332,-122.29090114426323,40.55333441644724
0608930295,-121.77077341670066,40.65699582440451
0608950505,-121.66440749392493,40.52642740780747
0608930260,-121.58438600545604,41.001980024919796
0608920185,-122.5901409988843,40.63395604662798
0608920180,-122.61163456566757,40.76996763059807
0608940400,-122.26120541794093,40.933702385311925
0608930280,-121.92474068077136,40.837491386478135
0608920200,-122.78844178105037,40.43272976698423
0608920195,-122.59404002760412,40.49123981692612
0608940385,-122.31548103875491,40.73308376860211
0608930265,-122.1737973138831,40.69400912048421
0608920205,-122.55687696430286,40.51157764688379
0608920190,-122.54967655692826,40.406643577000395
0608940333,-122.2928944541413,40.557393221341385
0608930240,-122.29630000210695,40.561569094540786
0608940310,-122.34305995204582,40.57533830207911
0608930230,-122.32392429266005,40.56788501447375
0608920220,-122.42688656498898,40.43232923754292
0608920121,-122.43239448901062,40.49786830453189
0608950475,-122.13912974684051,40.455864598542256
0608950510,-122.09905337606874,40.57841871424336
0608930285,-122.20920581534001,40.60176579824653
0608910065,-122.40988170105621,40.65449562522249
0608950420,-122.28158433018115,40.46049535218742
0608950450,-122.28312490989876,40.47378780285078
0608950465,-122.24971079299029,40.44220739984789
0608920090,-122.36527936508045,40.556833713167606
0608940335,-122.32448246793342,40.5879534550001
0608910055,-122.39286505319266,40.664175260740144
0608910045,-122.3785426334254,40.64460779356356
0608910030,-122.36033207464001,40.63247832786512
0608920150,-122.48332568415631,40.59072840237201
0608920161,-122.44101925099847,40.570194272002645
0608910010,-122.35158158989726,40.60282331410005
0608940340,-122.33947111091166,40.60997709021892
0608940350,-122.34358201767108,40.61892533533985
0608940321,-122.34482447381316,40.62569514163677
0608920110,-122.4416607706693,40.5912704353085
0608910016,-122.43672050822106,40.57967446585899
0608910000,-122.42541721931954,40.5779434858757
0608910015,-122.42372152508544,40.586956667139546
0608910025,-122.33498707760066,40.600683162263955
0608940355,-122.32699358386496,40.61149417373504
0608940370,-122.31745699325332,40.57461676595326
0608910060,-122.43093897565718,40.63040228416879
0608940380,-122.29820357972615,40.610671256970264
0608950470,-122.26390797818628,40.39369374287106
0608950415,-122.30852670573576,40.45683875556744
0608920120,-122.40781267846775,40.51038017482907
0608920130,-122.41945132436976,40.51803287099055
0608920135,-122.38991819072143,40.51004375791781
0608920105,-122.40471130818935,40.53645673233687
0608940330,-122.30765756048692,40.571312534850435
0608950495,-121.95445370840088,40.49535805538788
0608930290,-121.9460727459881,40.711231841718416
0608940410,-122.29369692257782,41.115734506637146
0608930270,-121.90853617341037,41.070800040437824
0608910020,-122.3598506030515,40.57831055894844
0608910050,-122.36456004954016,40.631935169409914
0608910035,-122.35750744224839,40.61779679671662
0608950445,-122.3388750981431,40.53296892656419
0608910005,-122.39489415208261,40.58822178102707
0608910040,-122.40270164141339,40.61732513759198
0608950500,-122.40831830524992,40.391897808710105
0608920176,-122.40316495594253,40.40993084968763
0608920175,-122.4176404995962,40.46025813407085
0608920145,-122.49787613301197,40.679719776912975
0608940405,-122.43378562304756,40.76112517162527
0608940360,-122.37485038677376,40.68152513678686
0608940320,-122.34479438136232,40.6331900270965
0608940345,-122.33974594741245,40.657201793013655
0608940395,-122.3402949874025,40.67856979458854
0608940390,-122.29249007425322,40.67920411788683
0608920075,-122.39901955323025,40.55794430118995
0608920115,-122.38610681166257,40.503057213364066
0608920170,-122.38376881058655,40.5071903861956
0608920081,-122.37791200004504,40.507229427800205