0804724004,-105.5050326664242,39.868878874810505
0804724005,-105.43041110885436,39.89116912775381
0804724006,-105.57511424628264,39.906011257221145
0804724003,-105.44974076904168,39.83928738840277
0804724001,-105.50337999910352,39.78677207640282
0804724002,-105.5372144787919,39.83147943601972
0803719014,-106.24478787791487,39.62368696949242
0803719003,-106.47006449810546,39.46485860031436
0803719002,-106.37125085844035,39.60804255283724
0803719015,-106.48624849143684,39.660925907131286
0803719012,-106.43130822781599,39.64726728753156
0803719001,-106.318664503566,39.464859691921326
0803719013,-106.34892234992755,39.68508615628214
0803719011,-106.56479661158438,39.829263725343736
0803719019,-106.51700842793993,39.69194582129411
0811759007,-105.89823317288247,39.59810268843506
0811759008,-106.04098073910336,39.61946388716646
0811759006,-106.01388067570484,39.57825236097152
0811759002,-106.07527706500079,39.52239564034143
0811759005,-105.96098240788781,39.51364751135927
0811759004,-105.98849821142217,39.45733167333712
0811759003,-106.02352234809705,39.405166332703764
0811759001,-106.08199068990182,39.426314249443195
0811759017,-106.12885268976555,39.47727134865463
0811759016,-106.1870613350988,39.50510889784046
0811759015,-106.12236534222518,39.599589799074636
0811759014,-106.11822069550112,39.62575379474582
0811759010,-106.0112675467228,39.66764562195437
0811759011,-106.07525087284915,39.70023614156133
0811759013,-106.16344482022261,39.68348850291885
0811759012,-106.26258350238001,39.811141041739
0811759000,-106.05817477427516,39.60146378212709
0811759009,-105.99288854171091,39.645065114183424
0801464036,-104.99055995365188,40.012483582415385
0806935533,-105.11500118668997,40.370825415969556
0806935534,-105.09025287647839,40.370940168998175
0806935535,-105.05977397742888,40.364718546878066
0806935324,-105.10335070147751,40.53163806319128
0806935327,-105.0857315763628,40.5274539158004
0806935323,-105.0866180272266,40.53448246506503
0806935322,-105.08537048236018,40.54056368936423
0806935225,-105.06660673408506,40.53159648005233
0806935419,-105.14295511798345,40.34975771320849
0806935420,-105.07966322335332,40.3381656063059
0806935421,-105.0789989746957,40.31250725135976
0806935226,-105.04955184302935,40.5302537838969
0806935227,-105.03654250935274,40.53431348189648
0806935228,-105.01167159725141,40.53866022052091
0806935222,-105.03065036170456,40.54153414198969
0806935416,-105.4562834215308,40.3061314641716
0806935413,-105.59092587062901,40.30229617022921
0806935422,-105.07650734207947,40.30065188123083
0806935424,-105.13073537096848,40.29238480564087
0806935423,-105.08695243883683,40.27698191517291
0806935407,-105.20913876037498,40.65920064516755
0806935418,-105.22650330056437,40.32726405147292
0806935417,-105.32651265949295,40.30388771156137
0806935415,-105.45147894533913,40.37731152754082
0806935221,-105.03223245627547,40.54749374139636
0806935223,-105.05071364658986,40.54099375015313
0806935224,-105.06737275171727,40.54205246511287
0806935220,-105.05048640836578,40.548063206253126
0806935310,-105.14206965821477,40.56476307962147
0806935319,-105.13262921968926,40.54498880871871
0806935436,-105.13616696594838,40.52302870058457
0806935326,-105.12039367698102,40.52041156989757
0806935410,-105.35889851301596,40.43060083919815
0806935406,-105.4167324251992,40.592833861503266
0806935414,-105.51278366037337,40.36292211237404
0806935412,-105.67874973935506,40.3766994093035
0806935411,-105.63437928962662,40.466987362002534
0806935403,-105.33452161799423,40.8523341948029
0806935405,-105.71982419215453,40.63357690526036
0806935402,-105.63191624108265,40.8616611913858
0806935401,-105.94081165753097,40.85316419065761
0806935536,-104.99259232989608,40.37822231377323
0806935441,-104.96083641107661,40.44413085530624
0806935219,-105.06248078446255,40.549497036674076
0806935216,-105.05351412145883,40.55765947594924
0806935213,-105.05112153939453,40.56882819752998
0806935217,-105.06263544881106,40.5597518148233
0806935212,-105.06267634465036,40.574644252263916
0806935325,-105.10634391516861,40.517897676324665
0806935101,-105.10086797058291,40.50179294964212
0806935504,-104.9959577438103,40.44365196856975
0806935440,-104.97272472166894,40.45759771152304
0806935435,-104.97774731558482,40.47210275548243
0806935439,-104.95374861774758,40.46555150583522
0806935313,-105.10131639486796,40.55948270744361
0806935312,-105.1110751906723,40.55769310441859
0806935308,-105.11028982400653,40.56821074358723
0806935304,-105.10792510809651,40.57820529433949
0806935329,-105.09434500063472,40.48848366844269
0806935330,-105.08083323786738,40.491507883865495
0806935514,-105.06723873099833,40.4274314932361
0806935505,-105.06015164233665,40.43950993024781
0806935328,-105.08582807114601,40.51471413470084
0806935233,-105.06996491129304,40.515173675153626
0806935232,-105.06222072654717,40.52017039337145
0806935231,-105.05152706413588,40.518778560765405
0806935305,-105.10010272426192,40.57328172167833
0806935306,-105.08660531599217,40.57989678870843
0806935218,-105.07210301945119,40.55808648657145
0806935211,-105.07197824846807,40.56898252950316
0806935210,-105.07272488267313,40.577871528878084
0806935506,-105.06904447631399,40.44653725444404
0806935503,-105.05583772024946,40.46503887922106
0806935502,-105.09329819009726,40.46464303143076
0806935235,-105.04270156508777,40.514475757473946
0806935236,-105.0334622153641,40.51370001597491
0806935230,-105.01784463061216,40.52435289400007
0806935229,-105.01421165753058,40.51264755230252
0806935307,-105.0864934985463,40.572646808817595
0806935314,-105.08651439720249,40.55990183579282
0806935404,-105.05698587254264,40.86950888315156
0806935507,-105.08141630275463,40.441043436863154
0806935508,-105.09558485660621,40.44327762237124
0806935510,-105.0901727431643,40.43250933200803
0806935513,-105.08600817593445,40.426069685839224
0806935239,-105.0672209248905,40.505144745831686
0806935234,-105.04768246566165,40.5014213496642
0806935240,-105.06815372739251,40.49437451494363
0806935511,-105.10045126688873,40.42931429708421
0806935509,-105.11035747512952,40.440007390769324
0806935538,-105.12750943072012,40.46003706343908
0806935430,-105.03671293802508,40.64716135704397
0806935425,-104.99479216993066,40.70960328420195
0806935426,-105.0321912265911,40.68322217994066
0806935429,-105.09231635467512,40.65418775729892
0806935427,-105.12156531414907,40.70757611671872
0806935428,-105.14571337681883,40.649178713220955
0806935431,-105.13912505124276,40.6051280576187
0806935408,-105.18970734852041,40.53508786028743
0806935409,-105.23176728248332,40.4816413091789
0806935501,-105.16077903236612,40.43829151422198
0806935238,-105.05698940982823,40.48677206260894
0806935437,-105.03000001278942,40.49580564603166
0806935539,-105.1327065174707,40.41896002415216
0806935521,-105.1186979827712,40.414010666071654
0806935520,-105.10289870474988,40.41076524585739
0806935438,-105.00825430570565,40.49276098259828
0806935434,-104.98272487826259,40.496031416988366
0806935433,-104.96815479334029,40.53814445428132
0806935603,-105.0252290492134,40.58040015501883
0806935214,-105.02295394970326,40.56452028570367
0806935204,-105.02282670422471,40.60562362033397
0806935432,-104.97170799571994,40.62525955651
0806935602,-105.04877090826659,40.62076138880781
0806935519,-105.10724929032988,40.41771949759369
0806935518,-105.08491073420775,40.415301356724775
0806935517,-105.06451589944542,40.41384971546002
0806935203,-105.04845546996387,40.6071528859973
0806935202,-105.05975206720872,40.60529062370905
0806935516,-105.05094020624813,40.41147762823924
0806935515,-105.04065260743656,40.425158097917205
0806935537,-105.01193102095769,40.419283669718
0806935201,-105.07759320637265,40.603482828701054
0806935601,-105.08876128929417,40.61278782120136
0806935522,-105.14313982483726,40.39883856802348
0806935512,-105.18892264816952,40.40247125845857
0806935701,-105.12554893678194,40.59530375655051
0806935301,-105.1211422129637,40.585412151944716
0806935206,-105.08790351249566,40.59183165307901
0806935532,-105.15359669676909,40.382534204240294
0806935523,-105.11489474858752,40.40066423943342
0806935208,-105.10612756443808,40.59593429478723
0806935209,-105.10469178938287,40.586038985015925
0806935207,-105.0863422007149,40.58434211035068
0806935205,-105.06712413537724,40.588620834064436
0806935524,-105.0910729669269,40.39888467726997
0806935525,-105.07913607710505,40.400232444999645
0806935526,-105.05737663855166,40.40331008972805
0806935531,-105.124840379609,40.385638223075794
0806935530,-105.11151319032743,40.38580575658748
0806935302,-105.128777637985,40.57258436521711
0806935303,-105.11974039910366,40.57356130602535
0806935309,-105.12276748791844,40.56404203590526
0806935311,-105.12368583434298,40.55652530786052
0806935315,-105.07340967299021,40.549091218219196
0806935529,-105.09021219687192,40.385415782549124
0806935528,-105.06615526204436,40.388418367744016
0806935527,-105.04947764388368,40.389210395536914
0806935316,-105.08473494209115,40.54806421155569
0806935317,-105.0922075372487,40.546506103690795
0806935321,-105.10157557809235,40.542541092241756
0806935318,-105.10585673836403,40.549416080654666
0806935320,-105.11306430843588,40.54116250750896
0804925002,-106.01194877716345,40.20200187222528
0804925010,-105.89725717668607,40.261990324963314
0804925006,-105.8356150172424,39.85057267912017
0804925003,-105.77429192575838,40.10869152825846
0804925012,-105.81185340992228,39.98616026244284
0804925001,-105.79841029661523,40.31161642301904
0804925005,-106.50713120798937,40.10806608045337
0804925009,-105.97265097501024,39.82573233456298
0804925008,-106.13575881333414,40.00929877957907
0804925007,-105.73418383081156,39.89260973605921
0804925004,-106.3208968056268,40.225983663880434
0804925011,-105.8444409643271,40.03863538744746
0809347008,-105.49920072218204,39.45773211933503
0809347011,-105.46447309062839,39.478474274870685
0809347013,-105.42214134336552,39.514397867716205
0809347012,-105.42341807945222,39.4333112226813
0809347010,-105.54895293393652,39.52954272975782
0801464027,-105.0260507650606,39.924362003456636
0801464028,-105.0191801740336,39.929260577621605
0801464030,-105.02008791246364,39.93788567113281
0801464032,-105.02190092150138,39.94811247001085
0801464034,-105.02482915191067,39.970693333504954
0801910008,-105.41682535372793,39.66880286920575
0801910007,-105.43574811803727,39.71882987360239
0801910006,-105.50020969398363,39.718069626146566
0801910005,-105.61875149465776,39.67688602780389
0801910001,-105.76983535791595,39.65682148834261
0801910002,-105.7769695078342,39.76091078547688
0801910003,-105.63300978376823,39.77083040615004
0801910004,-105.62341314697795,39.80693782495364
0801910009,-105.50843634689843,39.61837506102661
0805930257,-105.15760224375856,39.63109893400864
0805930007,-105.37229309507775,39.90371388061343
0801464001,-105.1507222434259,39.899325822075184
0801464002,-105.12344535528774,39.92075909460408
0801464013,-105.06849413201691,39.91094638517843
0801464006,-105.08802123584461,39.90709779339865
0805930333,-105.21689181372537,39.463276317651285
0805930189,-105.23630767408811,39.6932880773196
0805930140,-105.24228300689926,39.7238357189719
0805930148,-105.32592866207315,39.72443026087213
0805930030,-105.31847982306239,39.79350001717413
0805930179,-105.30509409303149,39.69357679593663
0805930178,-105.37560527709005,39.68476348591217
0805930205,-105.33373277289247,39.67610035197551
0805930208,-105.35009734149396,39.682821323590524
0805930218,-105.3545207926518,39.673366893235446
0805930240,-105.33386769997006,39.65987908552322
0805930248,-105.3683524472466,39.633595862253024
0805930198,-105.26405678958034,39.68217092262711
0805930219,-105.22472017632032,39.66985310560289
0805930237,-105.2373929882636,39.640589649742516
0805930217,-105.18702399583306,39.65251803128219
0805930229,-105.29592250209026,39.659362257442986
0805930261,-105.19894306590277,39.61248353334249
0805930266,-105.24968100671104,39.6044350690546
0805930251,-105.29436404391743,39.625741703866915
0805930245,-105.32437142277783,39.64752986684711
0805930280,-105.3752494161882,39.59470097807032
0805930263,-105.29711130354704,39.60068431610007
0805930264,-105.34843588726201,39.61404835412383
0805930306,-105.36390042552995,39.559015586138926
0805930275,-105.32693784425368,39.58889573056252
0805930310,-105.30213328606372,39.559689433565616
0805930291,-105.19252354346578,39.56961431018694
0805930301,-105.21688687934649,39.53234284345393
0805930319,-105.14580743136115,39.56441611333801
0805930293,-105.14203529746914,39.587273978454824
0805930271,-105.16935691250573,39.60947379544327
0805930292,-105.16398972732999,39.591681644801504
0805930311,-105.16462036807481,39.58157222571019
0805930321,-105.1626756052739,39.5707055093524
0805930270,-105.149497813575,39.60768633434631
0805930287,-105.13890401674462,39.60151203566532
0805930279,-105.13590366509769,39.60991182970049
0805930274,-105.13515367522865,39.616779991898724
0805930256,-105.12491898024464,39.631526248910994
0805930258,-105.13282837057045,39.6297926127661
0805930252,-105.14124009135082,39.63601756869783
0805930262,-105.11686100706729,39.62782498793381
0805930267,-105.11876142596363,39.61909971809002
0805930260,-105.14170293679231,39.62837237572146
0805930304,-105.25866900168838,39.566978703795606
0805930330,-105.28809295839044,39.52727463912853
0805930331,-105.3781315189615,39.505350937344886
0805930332,-105.33666196556202,39.50841735430319
0805930334,-105.34118000059634,39.45600330511267
0805930323,-105.09114792933886,39.53685746277489
0805930335,-105.30432156355532,39.30615044713447
0805930268,-105.13900202761418,39.621060089852016
0805930295,-105.14581421874114,39.51314454546329
0801464022,-105.03668195071141,39.920000133692106
0801464012,-105.07446234575418,39.941282846810395
0801464016,-105.0671325125697,39.936087562803934
0801464020,-105.05780544320578,39.94218790783599
0801464017,-105.06322052286104,39.95149376321959
0801464025,-105.04468782409964,39.95123435111194
0801464038,-104.96607883751706,40.0222616768069
0801464037,-104.97548628009855,40.02133264476107
0801464035,-105.01777478141622,39.98995206148121
0801464026,-105.04730258189068,39.96862356147898
0801464033,-105.01830640764071,39.951357557343854
0801464024,-105.04335531111863,39.93684031500909
0801464029,-105.03010109959011,39.93323329386538
0801464031,-105.02822256026937,39.93965346088771
0801464021,-105.04415051101482,39.920339997791686
0801464023,-105.04778623358645,39.92433354268659
0801464019,-105.05765965165294,39.93254327418072
0801464015,-105.0624296429977,39.925222725184824
0801464014,-105.06641685635962,39.91892989739992
0801464018,-105.06774086181505,39.91643629184433
0801464010,-105.08380257239234,39.938180776166455
0801464007,-105.08671603301475,39.91797713504654
0801464011,-105.07745261238986,39.9257884617051
0801464009,-105.08216932404952,39.931255480935235
0801464008,-105.08676316498845,39.92541823109832
0801464005,-105.09789223585899,39.92704522131314
0801464004,-105.10408812934713,39.93230582597794
0801464003,-105.12311313423297,39.94079931142822
0801307066,-105.07847436983353,39.9860022927478
0801307061,-105.132753101065,39.95174788814909
0801307051,-105.08012576288712,39.972827207728386
0801307173,-105.2910953948263,40.053143896064036
0801307058,-105.13886416836242,39.97008391240357
0801307056,-105.1517638818173,39.96846643648358
0801307043,-105.08456052356742,39.99720298697292
0801307104,-105.25578672954559,40.008732065324246
0801307149,-105.28441544101388,40.005520044239326
0801307101,-105.25908110716566,40.012060214858494
0801307100,-105.27059204510876,40.01095759192914
0801307050,-105.10002277182963,39.97943951919273
0801307044,-105.08600458209752,39.99074229667235
0801307068,-105.07403464372432,40.032909324478105
0801307064,-105.08733514373593,40.04579649969027
0801307065,-105.06546438410862,40.04513895765556
0801307030,-105.08486700000657,40.092179800099125
0801307028,-105.1168949148112,40.093166671493734
0801307147,-105.2889203927784,40.009557787223024
0801307148,-105.27884881254383,40.01064709062215
0801307145,-105.28977986467363,40.0142426861033
0801307097,-105.26281279129397,40.018720785495134
0801307146,-105.28594905659482,40.011817615956936
0801307070,-105.14304277474251,40.10000894606499
0801307210,-105.1237799492458,40.130328387404376
0801307099,-105.2638781516509,40.01595177131271
0801307095,-105.2711006438614,40.02097324358333
0801307096,-105.26267303407407,40.02231536321912
0801307092,-105.27636898061881,40.024237307559915
0801307138,-105.28354254416408,40.02307095016524
0801307135,-105.27738303942066,40.02841355991719
0801307006,-105.265023602159,40.104167685883326
0801307089,-105.24210833456429,40.03287719803283
0801307090,-105.22456828637947,40.04057140364541
0801307093,-105.26488412752082,40.0266829156856
0801307133,-105.28895059862771,40.027337454891665
0801307086,-105.2622155575775,40.03249706008397
0801307075,-105.21084549447646,40.06467894191031
0801307136,-105.26917924695925,40.03244572148537
0801307129,-105.27739630315087,40.04003073254353
0801307128,-105.28921824043806,40.03686054908603
0801307130,-105.26775115927464,40.04044624650656
0801307144,-105.28810944939522,40.04442119940744
0801307031,-105.11743466413739,40.02536926503104
0801307067,-105.08757216595689,40.01854337207387
0801307034,-105.09812624910408,40.00759191938477
0801307032,-105.12464960540424,40.00956195377718
0801307126,-105.2774264709222,40.0472297414833
0801307076,-105.21762092595888,40.05548949963453
0801307049,-105.11203434526554,39.98355010325967
0801307117,-105.1575251081682,40.00766095883821
0801307029,-105.1619902883406,39.994399235094825
0801307036,-105.15264604964887,39.990339474380484
0801307078,-105.19772636111793,40.05536597222615
0801307139,-105.28905629456932,40.01813195982
0801307055,-105.15023836100185,39.97506124863084
0801307041,-105.10380602913384,39.9902397954932
0801307045,-105.07937853101794,39.98568057820813
0801307039,-105.11494312902703,39.99243529766642
0801307042,-105.09472715867084,39.99348690154645
0801307038,-105.12270130224933,39.996382266423296
0801307027,-105.15296635347855,39.92026255442498
0801307021,-105.1537207212984,39.94390079981481
0801307059,-105.12099532363759,39.96455645871593
0801307142,-105.29088675736112,40.06915198818817
0801307033,-105.11171854633609,40.006058536968474
0801307040,-105.10205898456312,39.996902836840036
0801307037,-105.13513907758626,39.99347421191022
0801307052,-105.1556106221912,39.97979345275749
0801307172,-105.2541013200156,39.96657972161597
0801307161,-105.27626925384999,39.97891619858175
0801307141,-105.20718459387021,40.14033871740885
0801307060,-105.15665235082274,39.960939862852
0801307046,-105.15689785347098,39.98385441868959
0801307048,-105.12610150975071,39.98189549320128
0801307054,-105.16117087515752,39.969158120416324
0801307035,-105.08632247973183,40.00657532095212
0801307091,-105.17661860789154,40.03017814417934
0801307082,-105.17426174217123,40.058400635057176
0801307081,-105.18465680731417,40.05739718648466
0801307063,-105.06387399098126,40.060717462134775
0801307001,-105.22512352913338,40.10158637366958
0801307010,-105.32749208938718,40.085402643715
0801307002,-105.53560428565861,40.19715625887458
0801307107,-105.24725215399341,40.01068221158489
0801307168,-105.25571717937497,39.97695087165353
0801307165,-105.24484393457699,39.984173726221705
0801307047,-105.14167723030924,39.9824354867797
0801307140,-105.19036156159994,39.9789651550103
0801307053,-105.17054081520732,39.970511915068386
0801307231,-105.15838508427072,40.12206036291162
0801307170,-105.25634798662706,39.973074010613146
0801307163,-105.2522597166592,39.98123180837329
0801307160,-105.2556508550135,39.98571629841935
0801307167,-105.23780538100905,39.98195459234461
0801307166,-105.24042873552683,39.97757888422249
0801307062,-105.14205592194882,40.00136167316863
0801307023,-105.16114002574274,39.93622907233213
0801307116,-105.19706750966849,40.00561096408229
0801307026,-105.16377456853564,39.92261880950053
0801307122,-105.22983926232918,39.99059776686083
0801307024,-105.15205561059003,39.934034583965534
0801307084,-105.24628279655096,40.04479869366436
0801307118,-105.2499850424121,39.99768908816287
0801307119,-105.24196124558242,39.99542768930298
0801307120,-105.23506803219789,39.99636439568188
0801307164,-105.24173644379314,39.987596400749226
0801307125,-105.25270329272526,40.04825794359212
0801307079,-105.1856068684299,40.07053103547954
0801307083,-105.15456831085386,40.0581114282641
0801307057,-105.1276093165571,39.97460775946662
0801307115,-105.21894585486422,40.0041238146753
0801307121,-105.23504039015462,39.989539424946166
0801307157,-105.25200414298965,39.989845633774316
0801307158,-105.2488886837747,39.992798557090076
0801307159,-105.26620245726245,39.98643337408667
0801307106,-105.2557217981881,40.00197324936063
0801307114,-105.22998958363488,40.00295143265484
0801307080,-105.18766583642262,40.06569087075334
0801307077,-105.20113653962908,40.065797762166575
0801307073,-105.19495588240773,40.078517103261944
0801307025,-105.14166240515395,39.93266160219474
0801307022,-105.14338864099,39.93967104594847
0801307171,-105.2476509122095,39.971919949089035
0801307085,-105.24997788031796,40.03781108965947
0801307112,-105.2321887288048,40.01031465624929
0801307108,-105.245462026651,40.00556526348132
0801307109,-105.24841234140968,40.00190655479783
0801307102,-105.26673697844032,40.00606072550914
0801307152,-105.27380775476531,40.00423663111625
0801307153,-105.26937859006215,40.00169932398842
0801307074,-105.15955389025713,40.07994208379576
0801307072,-105.16057808375285,40.09346093036239
0801307071,-105.17634309697806,40.09365082346784
0801307008,-105.3047346748831,40.124505495766755
0801307162,-105.26340078291906,39.972426881229886
0801307155,-105.26660818628375,39.9936359547848
0801307154,-105.27706188204363,39.99639725381889
0801307151,-105.28293848043636,40.00190243346378
0801307150,-105.27748297913311,40.00704268389131
0801307020,-105.17891041308215,39.95060596715445
0801307169,-105.24692393471491,39.97757684004162
0801307156,-105.25807904366057,39.99694435528792
0801307111,-105.23745736475469,40.01109868469179
0801307088,-105.24313403087513,40.0230549820222
0801307087,-105.25131700422524,40.034635560958186
0801307013,-105.40610914841132,40.04650865281254
0801307017,-105.38346106097976,39.94979508675756
0801307018,-105.40910909478694,39.97743482383552
0801307019,-105.2623725428978,39.947992219052566
0801307132,-105.28887659543275,40.03105114773262
0801307127,-105.26667027572178,40.049305119942474
0801307134,-105.27737065981135,40.03323732183333
0801307137,-105.29136369662864,40.022782227615366
0801307005,-105.24432968397026,40.16246426539012
0801307103,-105.26167919345886,40.00441240276713
0801307098,-105.27112886824334,40.016792713165586
0801307131,-105.26087568701787,40.04103548443388
0801307143,-105.27672053093382,40.056623356517505
0801307113,-105.22815620619001,40.01150462582442
0801307105,-105.25619351555342,40.005335703673346
0801307110,-105.23881316744699,40.00252489038114
0801307123,-105.19993302635116,39.990972359674046
0801307094,-105.27914754287659,40.01745138119406
0801307012,-105.31498176618717,40.049798979578924
0801307124,-105.227882398336,40.08177066918902
0801307003,-105.33921777219695,40.20559602630356
0801307014,-105.41244132428328,40.01606457671544
0801307016,-105.4653273994916,39.98706190681201
0801307011,-105.35071209764898,40.05052528536836
0801307069,-105.16511116259557,40.10666956992263
0801307004,-105.26400051000824,40.24314247289124
0801307232,-105.19426430964187,40.21252387598207
0801307015,-105.59569445561065,39.97749113801694
0801307007,-105.39668000516156,40.12083313568185
0801307009,-105.5518699963998,40.076953419393206