120210076,-81.70400676846367,26.15880013847339
120210074,-81.70087610835573,26.165907821532222
120210073,-81.6948522070425,26.191913721362184
120210072,-81.70270120853397,26.176472853246302
120210075,-81.72665455254486,26.16142134043271
120210069,-81.73811903322483,26.156841928456995
120210143,-81.67939337851111,26.083925096549134
120210068,-81.728050868781,26.227883531442036
120210067,-81.70992064326977,26.250960237543723
120210066,-81.69687632698043,26.260485532262717
120210070,-81.7161209777721,26.201298101440482
120210065,-81.74374306980116,26.21677315148575
120210141,-81.67456338385576,26.292085016815857
120210140,-81.50860537728771,25.960671681929156
120210139,-81.71399452152338,26.309850729868252
120210138,-81.69959166726413,26.13279239612264
120210064,-81.72812122576525,26.26004437571707
120210071,-81.71080720368556,26.19112730981717
120210062,-81.70538461774716,26.29772889349339
120210061,-81.71473499945589,26.280780630000617
120210134,-81.42650741945923,26.425121426181523
120210133,-81.7096053957497,26.26473860314501
120210060,-81.72948870276392,26.28034392514992
120210063,-81.69109884431506,26.282448077996825
120210059,-81.74010090343714,26.28029431296039
120210058,-81.73226491189169,26.295044273390854
120210057,-81.73287429919189,26.309818105063886
120210132,-81.66252851921664,26.28374093112248
120210131,-81.64424379394008,25.94769788737771
120210130,-81.69639114755279,26.28991989879502
120210127,-81.32588941335098,25.851741131622486
120210125,-81.69568036796822,26.143550584097053
120210123,-81.44086188992925,26.32350968227055
120210122,-81.24789990431931,26.249768968968286
120210121,-81.41543035323421,26.471249300018638
120210124,-81.49112467562011,26.2878165304304
120210119,-81.68465091923743,26.2819140988782
120210118,-81.6179191659262,26.288942351918816
120210117,-81.65649203704724,26.25161939196102
120210120,-81.56653647972502,26.35417750489846
120210115,-81.60122125131491,26.229059128930942
120210114,-81.62511455917591,26.18735901383384
120210113,-81.67895813078981,26.169735586867937
120210109,-81.54869253556458,26.08030493458599
120210116,-81.54058804043699,26.199082392712622
120210112,-81.64499464105245,26.056556686099682
120210111,-81.14716679062298,25.997124170282106
120210110,-81.66763733251184,26.147960991293367
120210095,-81.74652351977775,26.1461178442004
120210084,-81.69360601983672,26.124727875974234
120210083,-81.71361393928618,26.13158169573855
120210082,-81.7243123744108,26.134177190577482
120210081,-81.70376138155639,26.227996851660954
120210079,-81.73781398674679,26.18045570955053
120210078,-81.72883871826144,26.14579384673352
120210077,-81.70571587836727,26.148638748456314
120210080,-81.74441551279588,26.2392535963702
120210007,-81.7109872308512,26.117419378337125
120210003,-81.73592459134824,26.116570786647507
120210002,-81.74041534792845,26.131298814894045
120510028,-80.94797721124964,26.76107164650293
120510027,-81.09679141311241,26.36337476550371
120510012,-81.40468806714671,26.75041548521596
120510011,-81.31418721876116,26.709471441645952
120510010,-81.19542465180889,26.685757417517156
120510009,-81.10118914174505,26.718898098557624
120510008,-80.99463358074269,26.29438585915009
120510007,-81.00188146774364,26.71891062428497
120510006,-80.94668609224534,26.735054903816664
120510026,-81.43958623342297,26.764169608280724
120510024,-81.50545836370407,26.65277634368936
120510023,-81.50418652171149,26.729647987910642
120510022,-81.43910254260321,26.73862577477574
120510005,-80.95626240446911,26.731011914322156
120510004,-81.03905597893687,26.6023880636884
120510003,-80.90565506072494,26.820100719028243
120510002,-80.92794982784399,26.74701115259924
120510029,-80.92812004738809,26.759623456362867
120510021,-81.39768051462161,26.672688876064814
120510020,-81.24440302633151,26.54013112989284
120510019,-80.97766464100492,26.519278161641164
120510018,-81.09132306130633,26.635319921767394
120510017,-81.47494470844948,26.557100718009654
120510016,-81.52410358309228,26.74933416163485
120510001,-80.94768561021553,26.746770890963923
120510025,-80.91600771333565,26.68576158739769
120510015,-81.44722315107805,26.776221443681116
120510014,-81.45511327032148,26.713789958861565
120510013,-81.42677286899519,26.75169130552262
120860521,-80.35175133970004,25.89036937185557
120860555,-80.3635291617962,25.892436252572267
120860515,-80.3794657830079,25.86989932936211
120860741,-80.36246992525254,25.847911522848097
120860596,-80.34638517595552,25.9351641374136
120860383,-80.33404409347808,25.938847833273854
120860385,-80.33387022563969,25.931534636713263
120860482,-80.28789478294786,25.79371833287469
120860637,-80.38903030386345,25.777085524110596
120860510,-80.40900042078346,25.77773142593197
120860586,-80.33913116790222,25.904573103356725
120860368,-80.24246492916531,25.801397589166566
120860374,-80.25270165449597,25.79828893753594
120860584,-80.26103472592656,25.81554719171161
120860366,-80.2494618707706,25.803794040695305
120860559,-80.42085299287469,25.941553976724226
120860723,-80.45594393906873,25.84110300847483
120860533,-80.3387719328718,25.95364009947404
120860514,-80.35358206702945,25.863903530889303
120860489,-80.29577897226966,25.816549206012553
120860494,-80.29745183777676,25.809551554598322
120860475,-80.2664882648841,25.851479173271017
120860585,-80.25663578797405,25.824463121961696
120860491,-80.29418963754257,25.823389373260976
120860484,-80.2765702829626,25.81249229972443
120860483,-80.27021450338613,25.818819917424143
120860495,-80.30759604372138,25.822778491613473
120860601,-80.34627268328865,25.80020404565231
120860624,-80.34455084067727,25.779687028646215
120860694,-80.329092473447,25.779785609718676
120860691,-80.31471296873588,25.77690513779249
120860850,-80.2931869332133,25.772474767083725
120861421,-80.29138711658533,25.775195208043655
120860582,-80.26275389714418,25.834202527457318
120860478,-80.27890094377496,25.8328090875302
120860476,-80.26613231587247,25.840883296504412
120860454,-80.26394424565973,25.86381992528745
120860474,-80.28337943699015,25.840914353562077
120860497,-80.31663710891573,25.845039355273418
120860701,-80.33150630495801,25.83338393877605
120860492,-80.29903082361119,25.831129386652684
120861429,-80.29126414616913,25.778122735596533
120860479,-80.27522169531962,25.826694742674444
120860467,-80.28942527985802,25.88938883754318
120860578,-80.31276592739289,25.849854105665543
120860463,-80.30570763073295,25.85002115057637
120860458,-80.29640772709575,25.848634640550742
120860471,-80.29782362524104,25.840554265371413
120860422,-80.267071877451,25.876179000885486
120860580,-80.28410248829853,25.851006000670367
120860587,-80.27829053004582,25.846104848213294
120860455,-80.27546074459715,25.85687117174689
120860456,-80.28454226156927,25.857137769931214
120860579,-80.29954000720582,25.853627308356163
120860450,-80.29853623343968,25.858883071739164
120860499,-80.32558275298732,25.861982966754184
120860402,-80.30344970130231,25.905074778384755
120860576,-80.32120440516219,25.861662346432926
120860526,-80.31650879492071,25.853130146999206
120860527,-80.31091312485627,25.858465630656784
120860594,-80.34776197197048,25.88022143435448
120860451,-80.33532192360221,25.87334609551837
120860529,-80.32935795427983,25.873698761975614
120860565,-80.30426174702137,25.926444295355477
120860732,-80.38897862939675,25.765193994859352
120860632,-80.37787810790189,25.77956121683082
120860730,-80.3722852293617,25.771967857067835
120860629,-80.37790280967934,25.764855050609906
120860698,-80.36550510817588,25.770240205959922
120860443,-80.31834731535984,25.867043939159228
120860433,-80.31939529014046,25.873900563065913
120860427,-80.31138256436145,25.87365246013224
120860446,-80.31131674530579,25.86670390742909
120860511,-80.2957014734807,25.87603801560835
120860426,-80.30017304649945,25.87207253665181
120860449,-80.29870351564719,25.865817337945582
120860400,-80.30082935572253,25.9175937590244
120860627,-80.36469644378526,25.765026286807363
120860705,-80.35988900087966,25.779850006563155
120860735,-80.3596664980998,25.76470513281353
120860708,-80.35525654607771,25.772191470600564
120860453,-80.28215958511903,25.86581128831676
120860424,-80.28716046925241,25.875911480107778
120860423,-80.27908143379082,25.87600243160835
120860581,-80.27008061350277,25.865472655598985
120860425,-80.30004969259116,25.880949876950634
120860413,-80.29859162224267,25.888111082261176
120860621,-80.34823207432349,25.771800469646
120860623,-80.35654916175238,25.76525587869431
120860618,-80.34752457853995,25.767404329665517
120860430,-80.31487469630324,25.880915272234716
120860518,-80.34562750913666,25.892853623022628
120860439,-80.33601332388541,25.88123026199785
120860616,-80.34075533786012,25.767480537547307
120860615,-80.32863966387075,25.766050320242407
120860607,-80.32598818706849,25.77288753992562
120860404,-80.33182724189261,25.892091217807792
120860588,-80.32495550248734,25.880564703446876
120860516,-80.31995504965987,25.891622922850374
120860412,-80.31191428986422,25.891625611066825
120860418,-80.29950718263828,25.895822553794176
120860403,-80.3184229335031,25.90390001622923
120860725,-80.36514781493445,25.815474412137355
120860713,-80.3652441253673,25.82236150460335
120860399,-80.31650266482228,25.917498203895285
120860389,-80.3222790652049,25.936236565837515
120860532,-80.33050507997446,25.949597784339517
120860598,-80.341532541649,25.916922685336576
120860508,-80.331602258266,25.91355035626889
120860583,-80.26221406585918,25.826950247640028
120860551,-80.39781539466351,25.77841113766721
120860717,-80.37986766487982,25.82250938586932
120860537,-80.36227036591481,25.83332875677302
120860572,-80.32384847671138,25.871672087351556
120860560,-80.37724061413691,25.907281063797026
120860571,-80.36142300559936,25.913311007507918
120860756,-80.37270199519253,25.853397075559606
120860704,-80.31523230110429,25.796080310890108
120860502,-80.3430374079416,25.873171873620485
120860609,-80.3279447502885,25.774880442212698
120860608,-80.33029689598702,25.775778737373876
120860600,-80.34583864016041,25.924286848147634
120860599,-80.3374682195612,25.924228534887327
120860597,-80.34715368763655,25.949678881244072
120860593,-80.330438575523,25.87905124561147
120860592,-80.32864943765182,25.88102025803668
120860591,-80.32721410430483,25.88002156419617
120860590,-80.33061468438484,25.8832875219816
120860589,-80.33055494800085,25.88176373316693
120860577,-80.31986675208444,25.86003687557568
120860746,-80.37366810669887,25.850057613326367
120860745,-80.37190067892195,25.849462186582866
120860744,-80.37404768474765,25.842643129249065
120860743,-80.37351846452499,25.846104971320955
120860763,-80.37727846412638,25.84539167663276
120860762,-80.37987195598033,25.84434367056686
120860761,-80.38066804131181,25.842206497200102
120860760,-80.38391543899769,25.83907780786506
120860759,-80.38459600727805,25.8362273320367
120860536,-80.33645259123833,25.94717360780201
120860411,-80.32979663660116,25.88562740483349
120860573,-80.32758831074094,25.871596136420123
120860570,-80.32381652800701,25.92496450317081
120860569,-80.31932161020563,25.926362949328116
120860568,-80.31645807044826,25.9264154834265
120860567,-80.31497457598857,25.926166462914075
120860566,-80.31279381122883,25.926162267333172
120860558,-80.36284633371928,25.88921801763628
120860557,-80.36067165449685,25.886532172191053
120860556,-80.35823091027511,25.885047377107398
120860636,-80.37321529152777,25.777101168062664
120860635,-80.37662421594902,25.776692222991514
120860758,-80.38467873630971,25.829948589146905
120860542,-80.37639596044458,25.834384868002548
120860541,-80.37545881149018,25.831327251387187
120860540,-80.37139665548226,25.830959085056143
120860539,-80.37525849225693,25.827721518868493
120860550,-80.38021173936566,25.827510024129857
120860549,-80.38047478801819,25.83156850481245
120860548,-80.38175368433527,25.83603480251538
120860547,-80.37853847277172,25.83645037912805
120860546,-80.37683463241005,25.83834398197217
120860485,-80.26889471880959,25.813120506031694
120860481,-80.28248629242889,25.826716665822932
120860480,-80.28458764442935,25.82890984400964
120860477,-80.26992705270415,25.841457932305232
120860473,-80.29722799524363,25.836178923575766
120860472,-80.29113929614776,25.83148180221704
120860470,-80.28999931886773,25.882571412019725
120860466,-80.30326037754214,25.846629408441924
120860465,-80.31003320908106,25.84641093129215
120860464,-80.30929014834305,25.848227952739926
120860462,-80.29230376227333,25.844829440491726
120860461,-80.29523543849717,25.847533762082136
120860460,-80.29528933335307,25.848897272718105
120860393,-80.31511236307936,25.928344966172126
120860391,-80.31823485638363,25.933604391132235
120860390,-80.3148852014665,25.939206984199718
120860384,-80.32644711143968,25.934523917851642
120860177,-80.57721110168893,25.805655065175642
120861428,-80.30237536169331,25.773289532751736
120860711,-80.35914005771923,25.770584502134895
120860710,-80.3608917647825,25.77401045007683
120860709,-80.36424249660371,25.772703753919043
120860707,-80.36174932992044,25.77714290518003
120860706,-80.36776037575994,25.777677283432407
120860703,-80.31579111296139,25.81776013646278
120860631,-80.37188475400042,25.767231473079853
120860630,-80.37666184905338,25.771385035216483
120860628,-80.37055815331024,25.76304817419221
120860620,-80.34724147543194,25.763662687954696
120860619,-80.35152078929623,25.765341535637788
120860617,-80.34024082343655,25.763847178556524
120860634,-80.381013582452,25.776073854322565
120860633,-80.3794867837755,25.772253644516127
120860640,-80.41310893173261,25.766905226938825
120860639,-80.40500134124225,25.7668210308244
120860638,-80.39582440282946,25.7677647208453
120860554,-80.39403204314243,25.776563848285274
120860553,-80.39540830326332,25.781651848313224
120860552,-80.39703334611148,25.774025513729633
120860545,-80.37369153407121,25.835720893449388
120860544,-80.37101058266062,25.834942444291816
120860543,-80.37264047870204,25.838871991149812
120860538,-80.37988026376685,25.839664303094864
120860535,-80.33874314677102,25.944582449379837
120860534,-80.3386688210903,25.948899437550406
120860575,-80.32490578314938,25.871744916461818
120860574,-80.32627788125573,25.871390222392947
120860531,-80.33010807905829,25.872913229700707
120860459,-80.30129581044945,25.847969493601987
120860457,-80.28221142641144,25.856287755335767
120860452,-80.33216499371694,25.87290556382738
120860448,-80.3085212433229,25.86172342653351
120860447,-80.307945115269,25.86853003201843
120860445,-80.31662689681576,25.85785136264718
120860444,-80.31708046152265,25.86227502080992
120860442,-80.33338582445995,25.881411747102085
120860441,-80.33766955434201,25.878230123704295
120860440,-80.33237098799081,25.878239440886254
120860724,-80.41062669812902,25.846985982879886
120860729,-80.85645403604266,25.90120487508255
120860728,-80.85773762715378,25.778553531392223
120860700,-80.36777531894649,25.773126107768803
120860699,-80.36834257849316,25.774972328000512
120860693,-80.3112623640345,25.774187946923192
120860692,-80.31794378211478,25.77244521074508
120860626,-80.34711630143015,25.776069092960224
120860625,-80.33956876134943,25.779466836069076
120860614,-80.33906056442642,25.7754839335857
120860613,-80.33730478046944,25.775165505667164
120860622,-80.34049152830795,25.771047745019487
120860612,-80.33784592697371,25.77135147796499
120860611,-80.33467143757036,25.77127882607776
120860610,-80.33418682441767,25.774690915775054
120860604,-80.34541702650331,25.818624288875093
120860603,-80.3591876673021,25.800697154418224
120860602,-80.35937202767667,25.808012218429923
120860726,-80.35702720976829,25.815226825201716
120860714,-80.35755070893278,25.82297734393347
120860719,-80.3718014245244,25.82252355499271
120860718,-80.37584810591163,25.822535212489896
120860721,-80.37565157681514,25.815258137046605
120860722,-80.37158744195744,25.81527535071028
120860530,-80.325237207412,25.875212469981246
120860528,-80.31384453936728,25.861389739611415
120860525,-80.35280162644752,25.88525284027543
120860524,-80.34884191182476,25.885264010241013
120860523,-80.35505914655096,25.89121965951698
120860522,-80.35470700567816,25.894719787478063
120860520,-80.34071725498448,25.88562730881673
120860519,-80.34275666938667,25.894376369717495
120860509,-80.3344197912277,25.90732328890061
120860438,-80.3176139833651,25.870143184317676
120860437,-80.31712176027004,25.87340482807093
120860436,-80.31785380216657,25.87630393240331
120860435,-80.32001928567885,25.876296582241096
120860434,-80.32126086488617,25.870932211295795
120860432,-80.30877085494855,25.883556553806933
120860431,-80.32142090310754,25.878610382469375
120860429,-80.30890838935103,25.87058060192979
120860428,-80.31478948658646,25.875721440486178
120860419,-80.3059705927976,25.893372444935864
120860417,-80.30594525796785,25.88839454471329
120860416,-80.30214871003852,25.890218226519693
120860415,-80.30591316027888,25.892016183119196
120860414,-80.30186836417825,25.891567103429583
120860727,-80.776040940212,25.78890188020207
120860178,-80.72528656535957,25.894131971515677
120860176,-80.54115641429432,25.902778041351272
120860720,-80.37966321117587,25.815233925521547
120860755,-80.38419460413121,25.822496326012036
120860754,-80.38077699507132,25.854352299667653
120860752,-80.37826201747461,25.848504929770755
120860751,-80.38146618986013,25.851221532454748
120860750,-80.38517802242181,25.85160328024686
120860748,-80.37664505029119,25.852434063953904
120860749,-80.37674034992294,25.854293076890933
120860747,-80.37667319552193,25.85014352176564
120860595,-80.34895169514641,25.875564694461808
120860501,-80.34036279361547,25.870575655398806
120860500,-80.3328237582218,25.866147264890124
120860496,-80.29045136898786,25.808331160654085
120860493,-80.28602098338341,25.826048657589197
120860490,-80.28265434310615,25.820719013158698
120860488,-80.28855491945181,25.810448533485978
120860487,-80.28431331627543,25.80924442803629
120860486,-80.28158347017367,25.808766418699086
120860410,-80.3308935137072,25.890200752568116
120860409,-80.33085028964918,25.889411734377127
120860408,-80.32621492840269,25.890354401043755
120860407,-80.33796025970996,25.891005895469654
120860406,-80.33371596953096,25.885103488918745
120860405,-80.33771750755163,25.885096354583943
120860401,-80.30639978201678,25.916214166597292
120860398,-80.32449357431847,25.940716052867813
120860397,-80.32358391420927,25.93545463297361
120860396,-80.32504416235626,25.93385391154843
120860395,-80.32048984648105,25.928215762661008
120860367,-80.24528661813498,25.8082659068755
120860731,-80.38352277196329,25.77175019809489
120860562,-80.39066894609729,25.93341312841338
120860561,-80.3627440860333,25.94242397991164
120860702,-80.37737618990305,25.789659611695726
120860498,-80.3295347405381,25.83967882399177
120860757,-80.38297453057926,25.845045718679547
120860753,-80.38602582213576,25.838301237852345
120860742,-80.3838568611352,25.81534341157047