120110200,-80.19401337594927,26.28454965418241
120110199,-80.1896193113327,26.266704498499372
120110198,-80.17860094129188,26.257719956366962
120110197,-80.1743634965481,26.249694915499372
120110149,-80.257858106296,26.252922934935338
120110148,-80.23898494132644,26.241437583208665
120110147,-80.29012738321141,26.26569756332645
120110097,-80.16105764540256,26.22485351317667
120110096,-80.15717752074139,26.219522886070273
120110095,-80.16045352296716,26.214505372889473
120110094,-80.12552624970544,26.225066547922648
120110093,-80.12542701020142,26.223050803804828
120110092,-80.12487677347292,26.229178946352295
120110041,-80.04541053843973,26.2872772392526
120110040,-80.12102950219843,26.28855623650311
120110039,-80.12783230572396,26.28156080237189
120110534,-80.13336321000907,26.13342140479511
120110533,-80.17980202715596,26.20615623301612
120110532,-80.19055693516906,26.19932613139835
120110196,-80.19449882065274,26.308797453247625
120110195,-80.18883434883463,26.237185156962077
120110146,-80.28614605021484,26.28252974053238
120110145,-80.24733226694109,26.24844598902605
120110038,-80.1223336062894,26.28157753491184
120110037,-80.11549673963056,26.283117074179252
120110036,-80.16066219921984,26.28169694103724
120110035,-80.13225588623966,26.283662068847747
120110872,-80.20493557537517,26.100737373528446
120110870,-80.21291573159768,26.09879510497833
120110869,-80.20254097874569,26.101274770041428
120110868,-80.20887861940922,26.098848709035305
120110491,-80.13704043789141,26.14960454332392
120110490,-80.12500196066277,26.1217359459708
120110489,-80.12839923576178,26.13357624544603
120110194,-80.17678702092225,26.292972231812296
120110193,-80.18221148070315,26.252721088864686
120110144,-80.27222944166245,26.26558316989214
120110143,-80.25390118629603,26.261713388445088
120110142,-80.23869070238074,26.264185684913784
120110087,-80.18708163198231,26.21387316739509
120110086,-80.15217632347981,26.26758351036415
120110034,-80.14405481818241,26.282962618824207
120110033,-80.14430097065288,26.297718846046298
120110032,-80.1205133628044,26.296240113203417
120110867,-80.20575828801674,26.09265601661199
120110526,-80.17556629305707,26.101521339752125
120110524,-80.19553722669414,26.098133201579195
120110488,-80.12253100031573,26.134110691182716
120110487,-80.12455983463177,26.140626717759805
120110486,-80.12625981139693,26.148409091611583
120110192,-80.17522825147061,26.26660339822056
120110191,-80.18290771456134,26.269364680544722
120110141,-80.26969653005418,26.2800287252226
120110140,-80.25832182459129,26.279857604403322
120110139,-80.24196217782055,26.27600243703904
120110138,-80.23156415884233,26.2758099436518
120110084,-80.17693006067533,26.223799993100673
120110082,-80.16962005082318,26.216355651061
120110081,-80.1660758985264,26.227073038939587
120110031,-80.11394163314223,26.293676080740713
120110030,-80.12331006561759,26.303600388898403
120110029,-80.11872030940198,26.322481299962295
120110028,-80.14580507919948,26.32280654100837
120110523,-80.15353328654113,26.086731004503704
120110522,-80.09886218901161,26.16352011727422
120110485,-80.11812302362155,26.148917320372217
120110484,-80.11825925786748,26.154761548590596
120110483,-80.11254673842825,26.14308867757032
120110482,-80.10114838126454,26.13521752355512
120110190,-80.17956527601719,26.247097641463473
120110189,-80.17897764710753,26.238778740797873
120110137,-80.15633852059531,26.18082248415435
120110136,-80.14541631360835,26.192321669242176
120110135,-80.1453554487667,26.185273446155232
120110080,-80.09680540639211,26.240391895305304
120110027,-80.10417432147716,26.30727626045751
120110026,-80.10218071035074,26.31054972861841
120110025,-80.15876516057209,26.311984361003834
120110024,-80.16438134575017,26.324365895750468
120110521,-80.14658208673117,26.096759017134897
120110520,-80.13959936419407,26.105487144828604
120110519,-80.14786345712112,26.10374075065008
120110481,-80.10281621154142,26.15707659167622
120110480,-80.11238352219938,26.162362427632978
120110479,-80.13563779015432,26.097204265358574
120110478,-80.10109486965709,26.177682666689613
120110477,-80.10793867364181,26.182249160970716
120110188,-80.16937847229903,26.25267099557606
120110186,-80.24557521450983,26.281114401557453
120110185,-80.20984778303956,26.27289180689451
120110134,-80.1398483819219,26.200153061180064
120110133,-80.13106171637165,26.179761367646115
120110132,-80.1455322655624,26.18169787014679
120110131,-80.13552167620024,26.19250707748105
120110076,-80.12168447090946,26.20987022495758
120110075,-80.11920318770918,26.216904491832622
120110074,-80.11075793417302,26.215494765178033
120110073,-80.11576556076427,26.22371940565435
120110023,-80.11265001715559,26.30096235820831
120110022,-80.16106413395865,26.297065912899445
120110021,-80.15884902579356,26.32128431176003
120110020,-80.13220007294544,26.298436567195477
120110518,-80.1567914609821,26.102974891528227
120110517,-80.16484972036054,26.10292496363255
120110476,-80.10993580284229,26.172891514079065
120110475,-80.10199109597906,26.170086951254543
120110228,-80.2274652415769,26.229214448435595
120110227,-80.2302274426416,26.26635246862072
120110226,-80.20165357745013,26.2142050133162
120110184,-80.22970797705852,26.293303807175104
120110183,-80.27669254584734,26.306576207991395
120110182,-80.29061891807865,26.295913576089667
120110127,-80.13461429654676,26.165174831968333
120110126,-80.15239228453254,26.174697246101946
120110072,-80.10145098550574,26.216682842842246
120110071,-80.11727760713225,26.229466298405715
120110019,-80.13388254663026,26.305931159917755
120110018,-80.14102118772873,26.30800672734785
120110568,-80.19351368375474,26.08927848038888
120110567,-80.1892182366169,26.097307596762015
120110566,-80.18284412350674,26.098037357775823
120110516,-80.11725141346714,26.131114085599183
120110515,-80.14644445706662,26.117597190182376
120110514,-80.13250667070078,26.11273730970466
120110472,-80.1149843263911,26.20054544172646
120110471,-80.11387451095905,26.179792040893897
120110470,-80.11960565687825,26.186653234588082
120110225,-80.2274188765548,26.245813468425283
120110224,-80.21109328568892,26.2329190266016
120110223,-80.21476280189248,26.224216073069222
120110181,-80.28598698969465,26.293423252735714
120110180,-80.28911493465996,26.30564814488507
120110179,-80.23154200035162,26.283011376595475
120110178,-80.2267414435133,26.275660795345
120110124,-80.16497128621218,26.178151772282185
120110068,-80.09933546378399,26.229218735993342
120110067,-80.09342691983987,26.224000557556472
120110066,-80.08835421430045,26.224444492738463
120110017,-80.13534977896944,26.315536752758454
120110016,-80.13214548983012,26.310495493525973
120110565,-80.1735059131321,26.209396747443922
120110563,-80.20008722503843,26.102497603498872
120110562,-80.19750318083585,26.10234914750351
120110561,-80.176067837242,26.0917716546094
120110513,-80.12548212142579,26.10200185630197
120110512,-80.10503774439293,26.101336990212236
120110469,-80.12761621412277,26.200051872007936
120110468,-80.12319910620394,26.204464004945894
120110467,-80.10709951496604,26.18661009717875
120110466,-80.11800207350925,26.193130960016937
120110222,-80.22234281829687,26.235171198459053
120110221,-80.19733448030229,26.26469710206395
120110220,-80.21064439050454,26.249617932335898
120110177,-80.28388173766592,26.275817450825688
120110176,-80.24549906516312,26.261131138409613
120110175,-80.241742622028,26.25851844620743
120110174,-80.26256210364573,26.245269555150326
120110122,-80.12526953743244,26.168738765689163
120110065,-80.09112240825804,26.23715471263446
120110064,-80.127755356767,26.208906438534004
120110063,-80.12696790687886,26.21595572746055
120110015,-80.10790933370676,26.323273538288063
120110014,-80.0935359279645,26.316520437595205
120110559,-80.17658667133927,26.10772815057435
120110511,-80.11412967890237,26.103026017419428
120110510,-80.11647520423524,26.11614656003941
120110465,-80.12664975740311,26.19281466293297
120110464,-80.09517315721588,26.17885850367506
120110463,-80.09632993591616,26.171774857223213
120110462,-80.10819254911169,26.19304637256688
120110421,-80.25204454533734,26.305918039586164
120110420,-80.21142423660697,26.32103792690724
120110219,-80.20024754250349,26.21931898268311
120110218,-80.20847425018373,26.225867641016094
120110217,-80.19688928318526,26.22409786132481
120110173,-80.27003871416525,26.254824863147526
120110172,-80.29416261754274,26.246280177604973
120110171,-80.2798056215734,26.26543324082783
120110120,-80.14278548941358,26.17400455543048
120110119,-80.13539490312577,26.185220212558782
120110062,-80.1681554280746,26.24105585080816
120110061,-80.10674963014677,26.2278336938387
120110060,-80.11105343273212,26.248440643564592
120110013,-80.14744809498573,26.30669047886001
120110012,-80.14495173192293,26.313956707338246
120110555,-80.19182958203741,26.205783853341575
120110554,-80.13641198759528,26.20548725162845
120110552,-80.14662326812658,26.150356468600457
120110509,-80.11581639842588,26.124406168697675
120110508,-80.13095337144028,26.119721542566566
120110459,-80.11321667401336,26.20729264870757
120110458,-80.10451015538004,26.203644812309427
120110419,-80.21250202253773,26.315051612191958
120110418,-80.27698965406991,26.332212352910567
120110216,-80.19784206345368,26.241946100479606
120110215,-80.2300369613159,26.235389121991126
120110214,-80.21284402728428,26.229272265045108
120110170,-80.28606630102887,26.238390567387114
120110169,-80.24980932806935,26.298915306525434
120110168,-80.25886415714919,26.292746941882655
120110118,-80.16166904981392,26.17322220161036
120110117,-80.17010236702758,26.166677673780903
120110116,-80.12457399594187,26.177797509985822
120110057,-80.08667017166198,26.241387136544024
120110011,-80.12744547990604,26.311937467040867
120110010,-80.10452418137345,26.313354526576084
120110551,-80.1571531653843,26.114232027927887
120110550,-80.1380382036495,26.0910746176961
120110549,-80.14505602654705,26.09078553194642
120110548,-80.16093894695784,26.09480978594694
120110547,-80.12121508131492,26.15196511409346
120110507,-80.13045241593433,26.126946728805617
120110506,-80.12346125980287,26.124711577351817
120110505,-80.13530368355582,26.122962519052933
120110417,-80.21987782367765,26.303961321134892
120110416,-80.2288076815325,26.320721342030055
120110415,-80.21299863808427,26.324265880653293
120110213,-80.20930475384448,26.242018223804507
120110212,-80.22372255658574,26.251417182684037
120110211,-80.23077963806958,26.251491052701862
120110167,-80.24117849755885,26.283665309948432
120110166,-80.23737372981329,26.25226814642184
120110165,-80.25943818532646,26.266479233225407
120110115,-80.13546608448429,26.170585113690453
120110114,-80.12833049180819,26.184853557808673
120110113,-80.09303766460845,26.21555404323339
120110112,-80.09429493905863,26.219812128594484
120110056,-80.10835327015805,26.23693693695627
120110055,-80.09553023314203,26.249594977668558
120110009,-80.12985001804184,26.323116721625567
120110008,-80.08802170661143,26.309503018966364
120110546,-80.12088381802211,26.147926450323993
120110545,-80.13059821980946,26.146183438841106
120110544,-80.13462522944381,26.13900350899945
120110543,-80.14019234313321,26.129147435088758
120110414,-80.24999443623406,26.32142178465945
120110413,-80.0923211162514,26.200950891828747
120110412,-80.09047432120124,26.210744552244574
120110411,-80.09588657602163,26.21146054121969
120110410,-80.09670732784325,26.189616004739676
120110409,-80.09830514278582,26.20083681531809
120110210,-80.22012823059552,26.24479371646228
120110209,-80.20970657598669,26.26330760508305
120110164,-80.22480004881324,26.282010965205913
120110163,-80.28859669451063,26.250411851012508
120110111,-80.12616742350272,26.265623166329643
120110110,-80.12947657783894,26.271792717230994
120110054,-80.09476082239068,26.257024673966637
120110053,-80.08477182609973,26.254608444041477
120110052,-80.0950532502588,26.27167233460407
120110007,-80.11284647069243,26.311090774384425
120110006,-80.07806106264073,26.313802986488675
120110005,-80.10000898685676,26.30121289479287
120110542,-80.15161320266087,26.11683011401678
120110541,-80.15560277648515,26.110214443397666
120110540,-80.14954706265918,26.11250299936593
120110502,-80.14102404084129,26.116919095527226
120110408,-80.07758194309088,26.281387352385448
120110407,-80.15536333650213,26.159704813459573
120110406,-80.12509982689643,26.161855714008187
120110208,-80.22406813302779,26.257320520246495
120110207,-80.2101764285452,26.25614985574807
120110161,-80.27412652179103,26.294352527875045
120110160,-80.24218225505675,26.290393859741787
120110159,-80.27438278795677,26.24578410708027
120110158,-80.27484488176282,26.234787480532457
120110108,-80.10409866796269,26.282627711915126
120110107,-80.10152654316934,26.29381045465146
120110106,-80.11489460269478,26.264106428956453
120110051,-80.09110970169621,26.26464380582821
120110050,-80.09462190263916,26.284413381107235
120110004,-80.08734698467659,26.300702702600866
120110003,-80.13767482494914,26.310966142537936
120110002,-80.09857386002444,26.31202722893058
120110001,-80.08501693107213,26.315668624344863
120110539,-80.16113964926053,26.11603687592791
120110538,-80.13794470351928,26.1446982395191
120110405,-80.12520458794143,26.156957164850777
120110404,-80.14304754718104,26.156744162308154
120110403,-80.15127417168225,26.160666395943743
120110206,-80.22281923093955,26.266777739513174
120110205,-80.21230127626612,26.268357239289816
120110204,-80.18009274915121,26.27953781007587
120110157,-80.22072923580589,26.290124943569143
120110156,-80.21090307001879,26.29328375393958
120110155,-80.26195787954036,26.23505020369093
120110154,-80.24386603344603,26.269492011572748
120110105,-80.1317658085752,26.26800563522086
120110104,-80.11009218690124,26.267141655720394
120110049,-80.08628647222334,26.271539125069616
120110048,-80.09004522002994,26.282822389117882
120110536,-80.10637918094747,26.117667690500454
120110535,-80.13328242242787,26.10446566198018
120110402,-80.13598612404549,26.15565205634325
120110401,-80.15296526592648,26.16078662881023
120110400,-80.13919768424779,26.163039314922685
120110203,-80.19516137789257,26.29733511123693
120110202,-80.1784748139097,26.316035122376437
120110201,-80.19473756392122,26.32272277232524
120110153,-80.27685482442638,26.254270850482133
120110152,-80.21012265330445,26.280116541926173
120110151,-80.22026043716552,26.27864752084057
120110150,-80.24513669072519,26.234019373956162
120110103,-80.10281352057856,26.268085216889517
120110102,-80.18973543499024,26.20938917879344
120110100,-80.15789859971235,26.229109379182944
120110098,-80.1697374703165,26.211710182152903
120110047,-80.08713560938155,26.292537335438833
120110046,-80.08556035071751,26.279950397499643
120110043,-80.06375768660727,26.1490855941406
120110042,-80.05263676269698,26.228544015991112
120990506,-80.10679323033284,26.331744288836326
120990505,-80.11099541333367,26.340084410200777
120990504,-80.13261497627296,26.33008838171024
120990503,-80.14628222568771,26.33079949675639
120990502,-80.13471036127754,26.337028531331793
120990501,-80.14523061975284,26.339561028364514
120990499,-80.16185165015149,26.33146042075367
120990498,-80.16202540059153,26.33875490057532
120990497,-80.07884438413043,26.345229514224844
120990496,-80.09323401963488,26.345930754476438
120990495,-80.10076207120413,26.342611428698515
120990494,-80.11124002199828,26.34740775942406
120990493,-80.14311361626628,26.345992376775396
120990492,-80.13951876113296,26.348456095793235
120990491,-80.1094578491261,26.35643046915354
120990490,-80.12329757104361,26.34264944352492
120990489,-80.13619934333177,26.353637110129746
120990605,-80.1552236894188,26.366415240047697
120990488,-80.14562625382585,26.353947013923054
120990487,-80.16215451270715,26.346346754131257
120990486,-80.1622360674491,26.35380802134635
120990485,-80.07477003218987,26.357674619631208
120990484,-80.08883015985064,26.356065032351392
120990483,-80.09531075258477,26.359506468234994
120990482,-80.11242409563125,26.36344916258511
120990604,-80.16261525976574,26.36168147808724
120990481,-80.1307530425489,26.358783066138948
120990480,-80.12980288154911,26.36570988974089
120990479,-80.14438790760121,26.36262508732697
120990478,-80.06959817886059,26.37833214511192
120990599,-80.16529630093807,26.38196021008006
120990598,-80.15417803098109,26.37814927897201
120990477,-80.07761727545592,26.369991252908193
120990476,-80.08029542495174,26.37634756139512
120990475,-80.08928336203903,26.37789591877285
120990474,-80.12883044901383,26.374453178395804
120990473,-80.14193210027277,26.37827610658017
120990472,-80.08703141919274,26.390406850192413
120990471,-80.10772759058005,26.37618622328439
120990470,-80.10913101138607,26.390179485033723
120990469,-80.12983655671208,26.38744797230163
120990468,-80.14723141445988,26.389995873899583
120990467,-80.11025536839205,26.401836744378794
120990586,-80.13803593651075,26.413263677555033
120990466,-80.13394381441105,26.405798575039412
120990465,-80.13376656573334,26.398340794297116
120990464,-80.15035394247879,26.4056535793998
120990463,-80.16042063341916,26.401226854933014
120990462,-80.07529794754154,26.395832416489235
120990461,-80.08405755958279,26.40370969599417
120990460,-80.07224707054849,26.406658916255108
120990459,-80.06816550239377,26.396559592262562
120990458,-80.06557409385881,26.41535947258214
120990457,-80.07322156962957,26.41690018319194
120990456,-80.08451852147905,26.417856925608064
120990452,-80.09467126120053,26.410055137081233
120990450,-80.11384235241168,26.416871783524076
120990449,-80.10267081293489,26.4173470008472
120990510,-80.07710982680867,26.32496700051563
120990509,-80.07546406210713,26.334796163055408
120990508,-80.08414882437204,26.330487322023096
120990507,-80.09288897511315,26.333613470534065