132912,-84.09413015842426,34.834370626063944
132914,-84.04173383560982,34.96273662799962
132918,-83.97862177552283,34.936862163490616
1329110,-84.01136506097947,34.832209951466794
132915,-84.04540608160745,34.72429138016482
132911,-83.93901508970006,34.89086263950961
132916,-83.85882239083911,34.86499251607671
1329111,-83.86439623651556,34.77814781455758
132913,-83.93799443535194,34.8137273054548
132919,-84.05553780110552,34.89240016250946
132917,-84.12484391064402,34.94539452733272
132410509,-83.57844805847992,34.848558069855805
132410556,-83.39192348925371,34.960035784991035
132410587,-83.41532824612175,34.89064232532858
132410636,-83.5260427219038,34.926714774815146
132410452,-83.26972995091354,34.92302168232159
132411275,-83.4358914131152,34.776002075598385
132410436,-83.33308831271775,34.84263962775708
132411014,-83.16961816494054,34.968357118399275
132410550,-83.45467574677278,34.84387292989679
1312303,-84.60943742791474,34.69240699818437
1312305,-84.59137096666264,34.6020376058748
1312301,-84.52093953215841,34.687269378422506
13111SUGC,-84.3645080685625,34.87894337085462
1312310,-84.48135069922051,34.72691773850281
1312308,-84.5499205401706,34.792656852545285
13111TOCC,-84.30410608181089,34.846567307494176
1312309,-84.47203661591124,34.64626828768913
1312312,-84.29602393570161,34.67424324356713
1312307,-84.45164366374743,34.80045697561069
1312306,-84.37074305642389,34.786887141290286
1312313,-84.41654388659686,34.693300983301434
1312311,-84.45919419253148,34.5820091245026
1312304,-84.53080442824282,34.59449663201221
1312302,-84.36167757937841,34.607861517813454
130592A,-83.36580345065184,34.01128396814441
130591A,-83.30852292791944,33.98454382069189
130595D,-83.4133910106647,33.994623963043196
13111SKEN,-84.16440177949316,34.71508410548507
13111HOTH,-84.31007342560946,34.9535039847314
13111MINE,-84.26245822921776,34.91605467108054
13111FLIN,-84.38075155903539,34.94371660269738
13111COLW,-84.52547285206232,34.91346589802512
13111MORG,-84.20416914314171,34.842016596882445
13111NOON,-84.2396657392506,34.76064036728902
13111HEMP,-84.17359202128112,34.90376377808847
13111MOBI,-84.44979529531825,34.96459730557038
13111FAIR,-84.21241049713392,34.95977634107561
13105197,-82.945294882331,34.15185446658478
13105189,-82.86506640493882,34.107278530130934
13105193,-82.87191612234199,34.03700633365087
13105202,-82.9656628790736,34.07715598168291
13105190,-82.74126289193102,34.071897360986306
13105201,-83.04058590313295,34.18231739716532
13105315,-82.88829836579824,34.20912005610951
13105191,-82.77543274480044,34.02178037089914
13105192,-82.63850367261156,34.018639007610595
13105196,-82.76471165145534,34.14623945817163
13105199,-82.78719312177313,34.24033106182575
13187DV,-84.05499933229324,34.550534238530645
13187CC,-84.05639455774028,34.61018339763002
13187D1,-83.97955606605383,34.53028192790947
13187DA,-83.97820490975765,34.53830316206376
13187AU,-84.01631086966326,34.47355251484332
13187NB,-84.13716397438881,34.575192556571174
13187MC,-84.09291987426472,34.493145164320275
13187CH,-83.9251047292164,34.684702496619266
13187FG,-83.88418764912055,34.60151279785105
13187CR,-83.90797573707947,34.56131595065226
13187PS,-83.9378771942793,34.59557967835096
13187YA,-83.99036141567981,34.631822195050844
13187MF,-83.94695801037419,34.4819952901657
13187SC,-83.88096222783179,34.5299570472332
13187WH,-83.88228927612701,34.49289051667826
131197,-83.21654814849005,34.2827083222317
131196,-83.13930857472485,34.285195261730706
131195,-83.14329362945392,34.34267217990619
1311911,-83.34532068380106,34.3828540036779
1311912,-83.33571309335274,34.44321420869216
131199,-83.30655724410138,34.278920019818344
1311910,-83.36069571096526,34.32714674156325
131191,-83.23589538682904,34.375699086483365
131192,-83.16756349240602,34.45755409712264
131193,-83.09780184097926,34.49435597201415
131194,-83.13274695921322,34.411897950835844
131198,-83.27932126487175,34.322767922255466
1311913,-83.25680354501738,34.44424252600503
131570465,-83.58529189508182,34.25241430483653
13157S0245,-83.57875102415477,34.07980924358936
131571691,-83.70591152555973,34.190658572920775
131571747,-83.50035545153985,34.00957710268398
131571704,-83.413632387117,34.056318975681435
131570253,-83.42026145437822,34.11647171429177
131570248,-83.6947681348619,34.09682521060443
13157N0255,-83.49260992985492,34.2207100892803
131571407,-83.74949376331601,34.083754149562985
13157S0255,-83.4319323720336,34.17723249485589
13157N0245,-83.61641427462936,34.12501754405689
131570428,-83.65840878985783,34.15944680585466
131571765,-83.76894699191025,34.13364009780379
131570242,-83.51098439061539,34.05221529689389
131570455,-83.6182989158849,34.21350415937145
131570257,-83.52309488635915,34.147036076644056
1311704,-84.01027331036495,34.24838134500675
1311711,-84.18103634559745,34.24338312455572
1311709,-84.20535331946482,34.30515579325985
1311727,-84.11953945253543,34.312207576546776
1311706,-84.04364811164702,34.300865952044205
1311733,-83.96824965719476,34.30498122671993
1311712,-83.97090750250855,34.255480744622126
1311705,-84.1098786719141,34.27742032905042
1311726,-84.04609756790725,34.221683995004106
1311715,-84.23268169257821,34.263612592409544
13139021,-83.94850062712203,34.40286113696304
13139001,-83.88235053600245,34.269667821854824
13139002,-83.91297997107229,34.27588547805307
13139028,-83.85694052154027,34.29916967563269
13139031,-83.80707574112805,34.330587269888966
13139032,-83.82113244534706,34.27231566722099
13139027,-83.7833809116188,34.29144477804753
13139017,-83.67738891751289,34.409635259401696
13139038,-83.89243376730488,34.17308581804399
13139022,-83.92059121911126,34.35536178386078
13139020,-83.89522549625568,34.38638023602389
13139025,-83.86035848562518,34.360998271438824
13139035,-83.86860983413156,34.42252452746134
13139039,-83.81935950278348,34.35270776043457
13139026,-83.8299071053064,34.32047515874267
13139033,-83.77554707537048,34.32326548908509
13139030,-83.8419393731409,34.33252050810504
13139029,-83.8309478146302,34.30334104698303
13139016,-83.72744621605932,34.33367992371407
13139015,-83.73377305215422,34.253936556496484
13139014,-83.81283589543627,34.22894484630937
13139010,-83.83416349195558,34.156034043676875
13139012,-83.83857256063791,34.191816549514364
13139036,-83.87544262040359,34.12317568814806
13139037,-83.92225837785715,34.139245692439395
13139009,-83.99775977202181,34.165169436841914
13139008,-83.95558315981752,34.18124871611519
13139007,-83.94475835192469,34.20773309279129
13139005,-83.92254186105734,34.22959613457926
13139006,-83.91147823819762,34.25001197176157
13139004,-83.88754506126968,34.22081049426449
13139003,-83.8573316509501,34.25366314085371
13139024,-83.78079719135027,34.38574786212827
13139018,-83.74715988790784,34.47098118473331
13139023,-83.91502833328235,34.31651419199795
13139013,-83.77442525110723,34.19202147620002
13139034,-83.66391909764175,34.300783020018606
13139019,-83.80071523546808,34.43906529037621
13139011,-83.86443385592652,34.207377214812944
132811468,-83.87447525231153,34.949561733474894
13281833,-83.69912264050768,34.88762106435755
13281990,-83.76673891982799,34.95059325077634
132811581,-83.57232066077682,34.968385571970146
132571,-83.357100743095,34.56559868239806
132574,-83.34338626498116,34.49226989532015
132575,-83.40761995145138,34.51262523922596
132572,-83.32016690575247,34.57881971998696
132573,-83.31254803632694,34.62435746712687
132577,-83.26864510089688,34.517817730629226
132578,-83.19185765235642,34.563613729966185
132576,-83.19009337701307,34.50309969945417
1322712,-84.42927925312952,34.44734305855341
132276,-84.38744173195107,34.39154034245705
132278,-84.42947374004319,34.473505137756575
1322711,-84.43594643576078,34.49260211977759
1322710,-84.36830703020627,34.50702529006541
132271,-84.30595310207255,34.42138309144687
13311091,-83.78129779963582,34.6720334530868
13311101,-83.83923669329589,34.60513091165237
13311071,-83.75107518255865,34.753665713364256
13311021,-83.84116605971015,34.66999075079079
13311031,-83.72638394744601,34.69653843196409
13311061,-83.66387087129272,34.721634139919715
13311051,-83.75248917564578,34.60801580111884
13311011,-83.6794243124582,34.63022439121859
13311041,-83.71187641406073,34.53636052365394
13311111,-83.65977288663576,34.56558367526191
13311081,-83.8025727829061,34.54047527703482
1308503,-84.13120029433135,34.43903895852552
1308502,-84.07774589323748,34.35485653076822
1308508,-84.14515167736317,34.366293731185216
1308507,-84.0537473590043,34.413789991786956
1308505,-84.2146484254024,34.40459194791211
1308501,-84.24360063013937,34.521969082193934
1308506,-84.01077679907682,34.34440237807767
1308504,-84.00042145242527,34.38022539137933
13195HUL,-83.29715331753454,34.05111211343411
13195PIT,-83.33609745592253,34.09941566420968
13195DAN,-83.2232633988361,34.12035428687751
13195COB,-83.21683046401401,34.045439032310114
13195FOR,-83.03361347601576,34.05213552448561
13195COM,-83.11613177570868,34.06522382032424
13195PAO,-83.09118894127367,34.09439209070054
13195ILA,-83.3383623228611,34.1841382820159
13195COL,-83.09926253485341,34.13044456046371
13195MIL,-83.19244202039239,34.19557074475819
13195POC,-83.28454982939095,34.21702427531444
13195HAR,-83.12429762739946,34.21956658652755
131473,-83.05976883119877,34.27896913101693
131476,-83.05122385202768,34.36626041148638
131477,-83.03265843282756,34.433713910867795
131478,-82.96565965909618,34.27587667303494
131472,-82.91778317215369,34.355034492344316
131475,-82.9238281723841,34.43513477477426
131474,-82.84519035023929,34.30443978044244
1313712,-83.60186013017409,34.7604477681516
1313710,-83.61158935718512,34.52005876660243
1313708,-83.61239028348112,34.596574840577595
1313705,-83.60007356405093,34.47279008235453
1313713,-83.50606660358088,34.69595908541852
1313714,-83.61982744521141,34.66098487675425
1313707,-83.41380732527834,34.68665311831112
1313701,-83.53889271385596,34.63843499170986
1313703,-83.54813434149813,34.567274221241796
1313702,-83.53475356550287,34.52457639664228
1313709,-83.5555747836265,34.50531687899815
1313704,-83.4783817462781,34.53680853501224
1313711,-83.56235638188195,34.59742581003458
1313706,-83.43561599198267,34.611481592579274
130110006,-83.39107160890299,34.24987347436037
130110010,-83.5200880052887,34.33702333105394
130110004,-83.44121316853929,34.29098926028849
130110001,-83.55315938794227,34.28524863001655
130110011,-83.6073467409056,34.37789853767959
130110008,-83.61998664905902,34.32576859930363
130110013,-83.42456738978495,34.35571588187992
130110003,-83.4788748902564,34.372920080085684
130110012,-83.43649245591855,34.409609776801894
130110009,-83.49241796139218,34.43361459973865
130110005,-83.43065129019169,34.45519045776702
130110002,-83.52070005934331,34.47073085257225
130110007,-83.5649844771963,34.42688311579092