13133008,-83.21579742722538,33.47892782868876
13133003,-83.14959652024376,33.68911531947594
13133001,-83.20459134375584,33.60711274931478
13133005,-83.08171979996978,33.54098061866722
13133007,-83.13575200310936,33.433485580931595
13133004,-83.04106754173314,33.61882273921911
13133006,-83.04353936315634,33.48106099282412
13133002,-83.32530518664106,33.64825835814499
13073040,-82.38207432899104,33.60788976733705
13073050,-82.2510061588756,33.620579186622145
13073064,-82.16303113733106,33.58210570302425
13073051,-82.30054709561418,33.66516361938392
13073025,-82.33199054642718,33.470407200527596
13073061,-82.17943884351791,33.5875835547074
13125MITC,-82.69513969483728,33.20574726847976
13125MILL,-82.54280958692927,33.26512821232196
13125EDGH,-82.62150199767682,33.152939818642665
13125GIBS,-82.62755943233368,33.23953499209697
1321908,-83.57634766279308,33.8975844775324
1321902,-83.34754344033351,33.84026881789193
1321909,-83.53992744874324,33.9383261043408
1321910,-83.48667608548352,33.91265912608819
1321901,-83.38574397668397,33.870218867900604
1321912,-83.41631880133285,33.900369414609884
1321911,-83.45549855234442,33.872795108014095
1321907,-83.50658636209864,33.87792565407278
13265601,-82.91458575740006,33.566135021455594
13265172,-82.77476976326196,33.5659621010857
13035JENK,-84.02069966779868,33.32013087564127
13035WORTH,-83.93358916904093,33.36879271218447
13035BCCC,-83.90281496750262,33.24427982634397
13035TOW,-84.03870016366729,33.24715058310512
13035STARK,-83.88535701411905,33.33762796033358
1321913,-83.41644733292341,33.86397418406313
1321905,-83.44531617481728,33.82123964116002
1321906,-83.51270066875459,33.838621361615914
1321903,-83.34682974766223,33.77218136460297
1321904,-83.42010651579808,33.750554302826686
130597B,-83.4038289937776,33.94288968646261
130597A,-83.41572053997074,33.927083350299924
130596C,-83.44869872141088,33.93407882456532
130596D,-83.43402546185382,33.951505837062136
130595A,-83.42020218912702,33.97164579972365
130597C,-83.38152645027866,33.91400790086933
130595C,-83.39508669198224,33.96527333613367
130592B,-83.35864322295478,33.963767909138916
130593B,-83.37828378951208,33.96266815127104
130598A,-83.32102805048642,33.926186003236964
130594B,-83.37550984736694,33.93536729834237
130598C,-83.34703498568501,33.92620069879979
130594A,-83.34093758990136,33.94533964467984
130598B,-83.33119845236207,33.91606982340717
130591B,-83.28813007161455,33.928622410228975
130591D,-83.28965586764915,33.88231034191277
130591C,-83.33936142639963,33.88502515809872
1330399,-82.97050036847295,33.04095528760696
130596A,-83.4956705900134,33.955256319341345
1330388,-82.95274462814604,32.87406026313066
1330397,-82.81532986860738,32.99639401847652
133031350,-82.78653972248873,33.133033732587805
1330394,-82.6340321161951,33.00170865201471
133031488,-82.81031625997724,32.908291875011805
1330391,-82.72295136394042,32.829398340834715
133031253,-82.60221000593287,32.882879442472394
130596B,-83.46647322561738,33.97070427915677
130595B,-83.4522204592315,33.98780633200593
130593A,-83.40518292298884,33.95221944449969
131671201,-82.70336972366701,32.73257028618974
131671301,-82.84518286233134,32.74692970895389
131671820,-82.60519625323155,32.73783774428598
1316755,-82.53264365086706,32.696523216282
131671405,-82.73481535831917,32.66446457483379
131671266,-82.64352190910239,32.59442122497228
131671746,-82.61557193464151,32.53727671088696
13135159,-83.863636681558,34.095521270444934
13135133,-83.8588272090584,33.97278155538758
13135003,-83.90539673473278,33.99321403008845
13135001,-83.87123535614144,33.939385017378655
13135080,-83.89401713995954,33.90822581521015
13135129,-83.86443607325512,34.068626109505985
13135152,-83.92365416379046,34.01724070038046
13135157,-83.89701965410873,34.054991734581996
13135028,-83.87862126337109,34.03131668692146
13135151,-83.83670811328325,33.91910534764871
13135008,-83.9127187859804,34.05868581374447
1301302,-83.8110341734534,34.08093945180199
1301304,-83.80347066295977,33.983470724482274
1301303,-83.8153491250114,34.03627569515579
1301316,-83.722219327574,33.945260986915216
1301311,-83.78412100465076,33.94953395350649
1301306,-83.74293562529185,34.01170745507254
1301310,-83.72874872142093,33.98175592922838
1301314,-83.77601357866345,34.00246533179423
1301315,-83.7548876980037,34.04304942358451
1301301,-83.68257569023812,33.92879448236661
1301313,-83.71699886169614,34.00609247770807
1301309,-83.67289997908766,34.00004100228737
1301308,-83.658683132825,34.03358754871975
1301305,-83.61674025258522,33.97403620651777
1301312,-83.84488939006131,34.01374595398845
1301307,-83.57212993709017,33.99327316063478
13159295,-83.715427323576,33.280489977594726
13159290,-83.67938262182841,33.45126760603581
13159363,-83.58412511972045,33.4027091058611
13159293,-83.65103478905533,33.20002802585433
13159297,-83.78192639723599,33.408565152925945
13159296,-83.81677518100699,33.345904285914365
13159289,-83.58068334900031,33.25641742039708
13297422,-83.93025066670776,33.786127685256325
13297421,-83.89059209502979,33.80834657907613
13297415,-83.79828855806194,33.80623030277303
13297423,-83.86105245646276,33.762364010983426
13297424,-83.82749147703895,33.84695668377992
13297502,-83.78934395850897,33.70182747130994
13297419,-83.74734008629231,33.77022747277887
13297425,-83.67901876605679,33.79426771756032
13297420,-83.71733389477167,33.826045772504045
13297503,-83.62931290120228,33.730821302744204
132971675,-83.70631771448555,33.72448910182091
13297250,-83.72852802461736,33.87399034929186
13297454,-83.61834593537239,33.846202052464676
13297418,-83.6904986898713,33.661612643830225
13297417,-83.86660641779237,33.83452468631955
132971663,-83.80628343119241,33.88861893280024
13297559,-83.58444784227414,33.79139112740634
13297416,-83.83128854199157,33.736564569214146
13297414,-83.66099268929673,33.87204654898222
133173B,-82.90103494227769,33.79851301283022
133173A,-82.83692459577816,33.723130304940874
133171,-82.82022849362572,33.68314366968663
133174A,-82.7976793207209,33.79034427654803
133174B,-82.74854306262851,33.90864553981494
133172A,-82.68458770146582,33.716123862229836
133172B,-82.59954862028717,33.762008002734916
13221CR,-83.19481459839191,33.921437336835176
13221WF,-83.23142008418357,33.85030863521003
13221BV,-83.2288406741379,33.97383973729837
13221LX,-83.05222097714247,33.87015571276135
13221GC,-83.05972810471116,33.95305697921213
13221GS,-82.91816208431858,33.95239631154772
13221WS,-83.02697778565593,33.76075787506836
13221FC,-83.16619880688675,33.76753773153575
13221GL,-83.00027248021858,34.00061498582492
13221PH,-83.1306824546576,34.00057236149324
1315149,-84.12437256234064,33.419442909325824
1315135,-84.1183957422718,33.4521214157426
1315137,-84.12023487952565,33.50241660206315
1315152,-84.08536177402144,33.4483905462835
1315126,-84.04382895467491,33.38759559764989
1315136,-84.04066387790347,33.4683660977517
1315127,-83.99792831668931,33.413119835966754
1315158,-83.97815502536818,33.46262688501289
1315162,-84.0774187478707,33.49691669015925
1315155,-84.07681013836803,33.53563546526137
132373C,-83.2408312855947,33.3047665194241
132374A,-83.31515023275426,33.23387418853214
132374B,-83.38855594368532,33.2237854365226
132371B,-83.4798421718681,33.24993331052432
132373B,-83.22712481663646,33.374171176970755
132372B,-83.34374740165991,33.31604231221828
132371A,-83.45765441906163,33.381719675750524
132373A,-83.3152788969019,33.43247345392129
132372A,-83.34537091733581,33.36777113318171
133011,-82.68539885021411,33.40713623946547
133013,-82.76569361347931,33.46642433987668
133012,-82.66008718229561,33.527896174864544
133014,-82.72505103394995,33.31868937567194
133015,-82.59151594661438,33.35510784950627
133016,-82.45884001903303,33.31311483064389
13009321E,-83.21585410808746,33.052994750999574
13009CTY2,-83.21256024486456,33.045396443906206
13009CTY4,-83.23111061503884,33.07156007837961
13009CTY3,-83.2217898628401,33.09451092079544
13009CTY6,-83.22538805411008,33.12461425893647
13009CTY5,-83.23885622039575,33.09971930851027
131411A,-83.14819174923335,33.231382845015446
13009318,-83.24814510051021,33.150255715427406
13009MERI,-83.31246094191557,33.15124352924767
1321714,-83.84010998995267,33.52007010400459
1321718,-83.90648244705758,33.46213165206506
1321706,-83.84560076185485,33.44527731488095
1321707,-83.78027852840698,33.57998818939788
1321725,-83.73585773878449,33.611171399654914
1321715,-83.75969325725484,33.504591365573
1321716,-83.70119538047332,33.54111516089796
13009CTY1,-83.27077846964863,33.0930824139205
13009319,-83.35730176343729,33.091312255884986
13009321W,-83.2692670891607,33.03982587344222
130091714,-83.21565686343114,33.00337560719241
13009322,-83.31603256007271,32.97822904082882
13009MONT,-83.13902488620853,33.071650686823006
131814-A,-82.42089992984074,33.83180308910594
131812,-82.50783419666087,33.75305224470374
131811-B,-82.50888463006191,33.816500011573936
131814-B,-82.32267557422443,33.75468576099461
131811-A,-82.55401089885066,33.89625698195403
131813-B,-82.40355324356157,33.723713866411735
131813-A,-82.45666566844126,33.69241377291161
1321105,-83.57707736968864,33.511917029964415
1321104,-83.50552274709186,33.5528839324809
1321108,-83.51810307710691,33.73177362289413
1321106,-83.52732558166429,33.61384902254514
1321107,-83.60578125344254,33.62841478672525
1321109,-83.42818198564605,33.671753737759865
1321102,-83.35134730117323,33.55813633376148
1321101,-83.43228021519504,33.6023230710159
1321103,-83.40673611826793,33.50623494349927
1321110,-83.4705878489494,33.643875553000306
13189135,-82.48798474238973,33.43570715594952
13189136,-82.48853583910355,33.46753551639769
13189133B,-82.37647717644711,33.39043475588864
13189139,-82.44515999071592,33.461370871641165
13189132,-82.52680116502096,33.57829543099882
13189134,-82.55092374900848,33.46667617574739
13189137,-82.4539386436859,33.50434312540494
13189131,-82.50232140163712,33.498641035394755
13189138,-82.50044586760454,33.379693338573034
13189133A,-82.43496008603326,33.37377440369127
131630082,-82.4228691041853,33.01721446240273
131630077,-82.30439958160277,33.18158607355628
131631460,-82.46224813317349,33.20734635404036
131630076,-82.47698519489214,33.11461113044262
131631593,-82.53938727907452,33.16338807365681
131630085,-82.48192252228982,32.86365089358937
131630083,-82.39108801042039,32.86437329006779
131630081,-82.36480576238547,33.23100752587996
131413B,-83.04297496188845,33.37144358721665
131411B,-83.04244587676496,33.29062123585176
131412A,-82.95404550891266,33.27485838633929
13141004,-82.9092364306523,33.23325348205893
131413A,-82.87115287646955,33.35007426921779
131412B,-83.00800916185199,33.1421084028338