17197NL17,-87.93549704755091,41.50891398335128
17197NL18,-87.93381494223533,41.49091332698858
17197NL21,-88.00641831557685,41.47540519202527
17197FR15,-87.82076785752876,41.52581741964653
17197FR06,-87.841667670008,41.548612960787786
17197FR17,-87.79762743523104,41.50990585509789
17197FR29,-87.82447952893843,41.51790061005682
17197NL24,-87.97479139161196,41.47524060306523
17197NL29,-87.98684549135757,41.48161617858848
17197NL26,-87.9335102899258,41.50231737482299
17197NL13,-87.97185422601679,41.49166566383881
17197FR05,-87.81706794863047,41.50636956180051
17197FR04,-87.88429595499807,41.52381997060126
17197FR26,-87.89903112646459,41.5203073262391
17197NL23,-87.9210363643506,41.50303622410555
17197NL30,-87.91195789807804,41.50283783696836
17197NL14,-87.9588694135775,41.50156977077527
17197MA03,-87.96573905736554,41.39796542152055
17197MA02,-87.99380870637847,41.45042772406795
17197FR22,-87.90074413278268,41.5501509938188
17197FR03,-87.89765845387998,41.54014304152104
17197FR10,-87.89897971529368,41.53140597901092
17197FR24,-87.87655847809218,41.5243174641923
17197FR27,-87.86114169974361,41.53830474003147
17197FR36,-87.7975952869002,41.502635126163376
17197FR37,-87.80235397300125,41.54690431603668
17197NL20,-87.94683838592537,41.50528684404929
17197NL08,-87.92401897278943,41.513864838960025
17197FR02,-87.87769254715973,41.536745124790826
17197FR14,-87.88518611686284,41.53876503198978
17197FR16,-87.8387146850931,41.48453724943807
17197FR31,-87.82267007612583,41.547033076962
17197FR41,-87.8178423550744,41.53563435033762
17197NL01,-87.95725006782244,41.51117815142999
17197NL12,-87.92626605445587,41.52871979367774
17197FR23,-87.84940067870416,41.50269956527413
17197FR01,-87.85861572237002,41.48464608938685
17197FR25,-87.87876828914082,41.49175745358031
17197FR40,-87.84066671780029,41.52774929600066
17197FR30,-87.83661906736751,41.53733282032045
17197FR38,-87.86382620468257,41.524825372457784
17197FR35,-87.87040840897572,41.55004147788871
17197FR32,-87.83877833979408,41.509147052452754
17197FR34,-87.89122580440036,41.50136429246547
17197FR39,-87.89763764333118,41.49115844641288
17197FR42,-87.89245638949795,41.47730940303623
17197MA05,-88.00993662315706,41.4398406557484
17197MA04,-87.93912454243593,41.44149654921279
17197NL11,-87.93363205412469,41.47630270989848
17197FR33,-87.87350753106747,41.47600499840002
17197GC03,-87.81617762083647,41.448142616150186
17197MA01,-87.972302782255,41.42548882274308
17197GG01,-87.87421475016444,41.4262323914596
17197GG02,-87.81547786272407,41.404549893090795
17197NL07,-87.9246396651055,41.54881327429686
17197FR19,-87.85722550682705,41.53163843618221
17197FR18,-87.80942020139058,41.49545227181272
17197FR12,-87.80975095425498,41.480890897608134
17197FR11,-87.7967589417853,41.51736245131991
17197FR20,-87.79730403256518,41.52420519693904
17197FR09,-87.80671471868752,41.52683485793389
17197FR21,-87.79833291263763,41.53281119558388
17197FR08,-87.865763168914,41.502807623473046
17197FR28,-87.88807485955533,41.50893743110617
17197FR07,-87.86372493514487,41.50881744420506
17197FR13,-87.86056789580456,41.514113880200696
17197JA02,-88.06330780965278,41.40525278229027
17197JA01,-88.11599303458296,41.4003646657277
17197JA03,-88.10936702054019,41.41863410047543
1703115041,-87.68912205498997,41.77047825671427
1703109047,-87.61221076493447,41.72463138172196
1703109036,-87.60699185122967,41.721654329669434
1703172053,-87.75629213038684,41.62269911656196
1703186076,-87.84531684405971,41.60518131209874
1703172025,-87.73130833948358,41.6289833860844
1703172075,-87.72519740195156,41.62908015115395
1703172028,-87.71428856025855,41.630136479782664
1703172017,-87.70771878308322,41.637666941068105
1703119066,-87.67057868856195,41.68773315788945
1703121012,-87.64045506442193,41.731247259955374
1703121011,-87.64080110558905,41.734424533169175
1703121018,-87.66131417082346,41.72338599361567
1703120037,-87.61413019230106,41.78409667159878
1703120046,-87.61827556257867,41.789309297048554
1703197073,-87.72356885368224,41.6820880415199
1703119011,-87.71530969628922,41.68768730919352
1703117045,-87.65244079639679,41.770540703369456
1703117031,-87.66126844064594,41.76085143733088
1703117027,-87.6565204408112,41.75554881363037
1703117051,-87.66217046592104,41.75186270249015
1703117029,-87.66100757165053,41.756093901769106
1703117035,-87.64112837585432,41.758913349109335
1703117022,-87.65206421840443,41.75601770643584
1703115008,-87.68639476349944,41.76815839788784
1703115009,-87.69142419236752,41.77365139084054
1703134045,-87.6564195607017,41.69373528716402
1703108054,-87.59402099614704,41.745003216995386
1703108019,-87.57689099649951,41.73521463835679
1703108051,-87.58235289920133,41.739927524442145
1703108009,-87.57980890581842,41.73245443056623
1703108049,-87.57874348819293,41.74320796465485
1703108024,-87.57712659309163,41.74804206395391
1703108002,-87.5839382318332,41.746659085781026
1703108011,-87.58120087991922,41.74928781416958
1703172065,-87.74755949690662,41.60675453881438
1703172042,-87.74219454612215,41.614798064953085
1703172041,-87.71015023545985,41.61602727878359
1703172023,-87.70803164883941,41.64169513936248
1703172013,-87.72110930061521,41.63768637802509
1703120028,-87.61807253142138,41.77092626007263
1703120034,-87.59650315343185,41.78440875792644
1703120026,-87.5912749175029,41.7832483559692
1703120013,-87.64272843305912,41.77680591762585
1703120017,-87.62303861477696,41.78557996760652
1703121065,-87.62712158456625,41.74431761942503
1703117023,-87.6558622267656,41.76229977320016
1703117020,-87.65671614368715,41.764105568933275
1703118050,-87.69058063729273,41.76457572509927
1703117018,-87.65588105290604,41.75210138606811
1703117024,-87.65103271331532,41.753633314644055
1703117049,-87.65214949696448,41.76720756677639
1703172052,-87.71457136187593,41.61524971215746
1703172019,-87.70624715177763,41.64580059409686
1703172090,-87.71210716729657,41.604764306297675
1703172024,-87.70733710472001,41.596310662800576
1703120033,-87.62313355324245,41.78923006864801
1703120044,-87.63393229239352,41.77849580216725
1703120025,-87.63250680830126,41.77532940524579
1703120035,-87.62151569236708,41.77552913972824
1703119002,-87.67939703368363,41.7169807236126
1703117017,-87.64868627035484,41.76604770009035
1703117054,-87.63124603153652,41.749013907692934
1703117043,-87.65069053192585,41.773295101182114
1703117055,-87.65215695000374,41.750337915101085
1703117033,-87.66179639529561,41.763442621574555
1703118006,-87.72395171126792,41.73756273344537
1703121062,-87.64721600924896,41.747131196893655
1703118005,-87.68139554844774,41.763089674979
1703108014,-87.60260955454724,41.74491369921958
1703186073,-87.8086286547204,41.56993508929379
1703173016,-87.65823970678419,41.659163434235765
1703186072,-87.80657697026952,41.58433418664163
1703173014,-87.66024302933593,41.666156838570764
1703172012,-87.70112625041749,41.61523253165953
1703120011,-87.62464479331511,41.77967321971176
1703120023,-87.62131491892593,41.78193708810809
1703120047,-87.61228786845936,41.775448573163175
1703118058,-87.68605372394423,41.76205023624665
1703121034,-87.64589645138612,41.744844544709316
1703118047,-87.68915309920905,41.766810288126734
1703117010,-87.64704585140551,41.749684800135654
1703117030,-87.64655448764971,41.75687086839916
1703117012,-87.64770422250594,41.751497128661995
1703117007,-87.64695715268711,41.75393545366732
1703117016,-87.64789194562314,41.768918482793396
1703108047,-87.60162177952634,41.71657290985191
1703108059,-87.59648264006415,41.72384799045883
1703106064,-87.61580748904574,41.715677597070716
1703106022,-87.61094536029383,41.71839844913234
1703106021,-87.62048248469873,41.7175946095351
1703117038,-87.63263466898887,41.75628800951788
1703117015,-87.63374961717554,41.75299476348037
1703117021,-87.62761038676335,41.74907309351319
1703173017,-87.66509131543548,41.668152757673546
1703173007,-87.666935356726,41.65150593854835
1703172097,-87.78720656451071,41.5627334853746
1703172067,-87.77991781173723,41.56888585956876
1703172066,-87.75443837813752,41.610103234141064
1703120010,-87.61296380293652,41.77212142834598
1703120007,-87.61642148685746,41.78113313439135
1703120024,-87.59676206753149,41.78179396469013
1703121041,-87.64634223850636,41.742042002936586
1703118057,-87.71561433565942,41.75505566956841
1703118044,-87.69777444860229,41.75341531622733
1703121074,-87.64275020577479,41.74794832044892
1703121038,-87.66058637150643,41.734009846412334
1703118039,-87.70031603724381,41.762595867763075
1703117006,-87.64821612247731,41.77151058697022
1703117005,-87.65640307970307,41.75958365231712
1703117032,-87.66759690336029,41.75966502794798
1703117052,-87.66674220591041,41.75158832559433
1703117004,-87.6684089242539,41.75487025499502
1703117026,-87.66555896531575,41.75542564583383
1703117037,-87.64804303305684,41.76111287507368
1703108043,-87.60215532318682,41.75040482889051
1703117048,-87.6352906658134,41.75846782052579
1703106046,-87.61149718542377,41.7455081549484
1703106054,-87.61124065276118,41.749351868839966
1703106057,-87.61348641721052,41.74962390847112
1703117044,-87.64223145106979,41.761913146297914
1703121017,-87.66707477320927,41.73067409234131
1703106056,-87.61091476219688,41.76076401004391
1703120049,-87.62221197896191,41.770577294705994
1703120030,-87.62311188563574,41.772973757211005
1703106043,-87.6113800185178,41.75482499766584
1703106060,-87.6138566539012,41.75660916751023
1703108055,-87.6016987968234,41.74675895075994
1703108018,-87.60331596967428,41.74856242648442
1703106052,-87.60763403481488,41.75032887846366
1703172033,-87.78156373554965,41.593316243356675
1703172069,-87.7679724202496,41.59597129651609
1703172010,-87.75149523542458,41.59047662263673
1703172092,-87.76466773985408,41.60801956873138
1703172021,-87.78043235756428,41.58169004785422
1703120006,-87.61045407948876,41.78335837593352
1703120018,-87.60777269297847,41.774460532018885
1703120036,-87.60832502225794,41.778551715092476
1703120002,-87.61317102236825,41.77846506093046
1703120003,-87.61262660272341,41.781204426217265
1703120032,-87.60422421230368,41.7838896193812
1703121061,-87.65571363746753,41.73407112375043
1703118032,-87.67482025673486,41.74018885226465
1703118052,-87.67036162931764,41.74419285677507
1703117047,-87.64802707955643,41.764237137901716
1703117003,-87.65127262394083,41.76309551490842
1703117028,-87.65154792768821,41.75966560624629
1703121002,-87.6365262432768,41.7453172425619
1703117053,-87.63653751442162,41.74886004069674
1703117002,-87.64171153799796,41.75162779465303
1703117058,-87.68211976913902,41.76986945246849
1703106034,-87.60663615130832,41.747145369951
1703106063,-87.60818777093706,41.74849069108178
1703108069,-87.6013782109106,41.75852807490754
1703106047,-87.61223067161121,41.74255056218446
1703106039,-87.60615907502692,41.760205622743705
1703106037,-87.62076645546239,41.74201127587941
1703121058,-87.6316761353071,41.730762229011205
1703106027,-87.62010098914729,41.73458345888368
1703106029,-87.62127500352513,41.738511975745745
1703108031,-87.59966792871316,41.73487036568014
1703106062,-87.62013419337372,41.7683401918647
1703197023,-87.68385736031689,41.654656779273736
1703173003,-87.67707448805002,41.65906950087248
1703173001,-87.6666581572251,41.65987784245414
1703172073,-87.789461409374,41.584273634007495
1703172011,-87.78885290362686,41.570128406927616
1703172009,-87.78704161026529,41.57667130447736
1703120001,-87.60747808689268,41.78176249128621
1703120014,-87.61079651335098,41.79123152881259
1703197068,-87.69689186341617,41.67220706139323
1703197015,-87.68367231122244,41.67060431869012
1703118049,-87.68989572729043,41.76185331855551
1703118043,-87.70790724499669,41.76678877664152
1703118027,-87.69749450128768,41.76715065415388
1703118056,-87.70720424009997,41.759651206983534
1703121006,-87.64875386449951,41.734502019682516
1703117025,-87.64221498133126,41.75586967009098
1703120020,-87.63813291427834,41.7784109416453
1703108016,-87.59117451344903,41.7409376883291
1703108010,-87.59594529176528,41.740113749132114
1703108035,-87.59023310765384,41.73180072728321
1703108058,-87.58682852956483,41.73416315764506
1703108001,-87.59162243055728,41.735169426004646
1703108052,-87.58773907832108,41.738566988452156
1703173008,-87.6702751560296,41.654908062888694
1703172087,-87.75980320739865,41.605312954068246
1703172022,-87.77954687981907,41.574280184728906
1703173010,-87.65063616985397,41.659622884745936
1703173012,-87.65616027331646,41.666673187803454
1703173002,-87.67353382190691,41.667597784450315
1703197014,-87.68241924347872,41.67362548445654
1703121067,-87.65432627118649,41.74229405879987
1703173006,-87.67792343595701,41.67307543707649
1703121056,-87.64919459735118,41.73680030987102
1703173013,-87.67162933050672,41.67472799855772
1703118026,-87.68288122989914,41.74321325561705
1703121064,-87.64534471564504,41.73901858360748
1703121003,-87.66907197635423,41.73427703541417
1703121004,-87.66453229752474,41.73281291613253
1703118046,-87.66427562364112,41.73902469904042
1703118025,-87.66677713999206,41.738470441877176
1703118002,-87.70913416671723,41.753943319528986
1703113019,-87.71731758340681,41.76052000735165
1703134031,-87.63969298548753,41.672566095548525
1703173005,-87.6718354140028,41.65881005366101
1703172015,-87.70430886161395,41.623962139294655
1703134054,-87.63264627990468,41.68368223097312
1703173015,-87.65225236698284,41.66678650088763
1703173009,-87.64585686325957,41.66680035101262
1703134047,-87.66557921571369,41.68131335165903
1703134033,-87.66900264844065,41.682657949412175
1703119063,-87.6832987462786,41.67902779483762
1703119049,-87.67576721429353,41.68370936570959
1703121073,-87.66058688433054,41.74349679293056
1703118042,-87.69751993314463,41.75831753511729
1703118045,-87.67040016213542,41.73751202274324
1703118061,-87.67442718765872,41.75294713617394
1703118060,-87.67135623849721,41.75168624708237
1703118020,-87.67181189677804,41.755865291598305
1703118030,-87.66568155455188,41.743040257891735
1703116024,-87.64027239482235,41.77788093199102
1703117013,-87.6547880064299,41.77505561430997
1703172102,-87.75000896394826,41.637863716135286
1703172081,-87.77502897388368,41.63950342510264
1703172077,-87.74864529494984,41.6137450890271
1703172074,-87.73476608379818,41.59483635770983
1703172006,-87.70375926739993,41.62892040821716
1703172043,-87.69217616448555,41.62364602188475
1703172079,-87.78098921748465,41.60590941549375
1703134056,-87.64797662738887,41.6873534021175
1703134035,-87.64424442252428,41.66021645734574
1703134060,-87.63988593248004,41.66708582876295
1703134055,-87.65856344418829,41.687156206646854
1703134043,-87.64470244630799,41.689680856913725
1703119050,-87.66613640962453,41.691726337352456
1703121016,-87.65075467610535,41.74343644098979
1703119048,-87.67254318760352,41.681089226766325
1703197087,-87.73463896431181,41.67929848351192
1703197127,-87.7330701579883,41.682214109383004
1703118062,-87.7164216846822,41.751370770571725
1703118019,-87.67604108659985,41.74675525632035
1703118035,-87.70006176596087,41.7449075740414
1703118040,-87.69350888694923,41.744770741084196
1703118021,-87.70623655574862,41.74478579809333
1703116009,-87.65731703817644,41.781282164753485
1703116043,-87.65018086557478,41.77694166196747
1703115027,-87.68837351514189,41.77371016467354
1703115006,-87.69576560590104,41.77321943931228
1703121032,-87.65615346187808,41.745542195358624
1703108066,-87.598659722339,41.71943419849451
1703108064,-87.60000752916731,41.72754536687863
1703186034,-87.79746947990759,41.61291072755683
1703186027,-87.80125715898208,41.60436682157254
1703172072,-87.78241990317503,41.6111529152898
1703172005,-87.72095307423322,41.62478769381411
1703172063,-87.71281443450457,41.62226421345882
1703172018,-87.73659211283082,41.610406922165694
1703134025,-87.64360798489207,41.708225542283266
1703134042,-87.64055711544727,41.688656732453026
1703134048,-87.64472154200567,41.69669278782798
1703134020,-87.64054852138256,41.70331042889579
1703121055,-87.62598137520602,41.72581261790697
1703121048,-87.6302087375982,41.728066913602774
1703121043,-87.63253827077446,41.72460901860828
1703134034,-87.64544773967879,41.71165023416415
1703121054,-87.64528327506173,41.717717770683066
1703119039,-87.7298484056896,41.68741435372903
1703119043,-87.66534370090383,41.69687610993421
1703119037,-87.66446237006727,41.702338456138186
1703118037,-87.69890057747158,41.74037318195263
1703197080,-87.6999333989009,41.73139273152394
1703197029,-87.695068331409,41.73191533999092
1703197037,-87.68731100017254,41.73181133716512
1703118036,-87.71909256484744,41.7376477982475
1703108033,-87.59269580155205,41.727055796460334
1703108034,-87.59020003127952,41.71849464736708
1703108038,-87.59729080029626,41.73119766466759
1703108030,-87.58429812842026,41.741485008454006
1703108029,-87.59447537385584,41.74731660859818
1703108056,-87.5947174891536,41.74983658638258
1703172060,-87.7441432409277,41.584821010444756
1703172064,-87.77940432426185,41.62386905127047
1703172027,-87.72098531071619,41.59471717343467
1703172083,-87.77098747218828,41.58594973354824
1703172061,-87.7244891860439,41.61296547352539
1703172091,-87.74573465682658,41.62975626733293
1703134050,-87.63248544366459,41.672378610877935
1703134059,-87.63923201863635,41.68342263184461
1703134016,-87.63719061092551,41.675526972464795
1703134014,-87.63139370768226,41.67966672468727
1703134021,-87.64412890040671,41.70296340506152
1703134049,-87.65990649727391,41.68049031756011
1703134012,-87.64722054439659,41.70459800272125
1703134029,-87.65117821105846,41.70962104729267
1703121052,-87.65140767344124,41.746584850839774
1703134032,-87.6479838808228,41.69406001701407
1703119060,-87.65995349973096,41.70313843799422
1703119028,-87.66155755567716,41.712292795366345
1703121001,-87.66000856259798,41.718148192472945
1703121007,-87.6642948329718,41.72567575953682
1703118009,-87.69675760633969,41.736972613036855
1703118016,-87.69883335388388,41.748235817427755
1703118022,-87.69499887894605,41.74715538695005
1703118018,-87.68129798637884,41.74741379613792
1703118038,-87.67682714284969,41.75410058625742
1703134003,-87.63269477725383,41.66904218960844
1703108023,-87.57724632281277,41.753408737969764
1703108021,-87.57888697152863,41.756925912118305
1703108050,-87.57878792482704,41.73883403880908
1703108045,-87.5992235718257,41.749206763924036
1703108053,-87.58808678224621,41.742346592763525
1703108012,-87.58713868319802,41.727176935797154
1703108026,-87.57968825555555,41.753378967787434
1703108022,-87.58213101599372,41.75334939504349
1703172059,-87.78961248884126,41.59648636747563
1703172099,-87.76972292734733,41.60636351088701
1703172068,-87.75181670894406,41.64191047551766
1703172034,-87.77897788581295,41.587318759811204
1703172020,-87.75881664269781,41.6140660608048
1703172093,-87.7640060072459,41.61443426215111
1703172004,-87.7364666137372,41.621766411501774
1703172054,-87.74904791499443,41.62147207317555
1703134013,-87.65544577779669,41.69089581762181
1703134011,-87.62666652286545,41.68371347314672
1703134057,-87.65542840628832,41.69699914249255
1703134017,-87.63135763151699,41.676217814201465
1703134009,-87.62540703151349,41.68029596103144
1703134044,-87.64926384407812,41.69787664944686
1703121030,-87.65038235037173,41.738707417266895
1703121039,-87.65526334969327,41.73954757358867
1703121029,-87.6676399774829,41.74847951173728
1703121057,-87.65938427277322,41.7484106612738
1703121050,-87.64665898700767,41.72313721902697
1703134046,-87.64113031062006,41.71149396761066
1703119020,-87.66706345613048,41.71610617042198
1703119013,-87.66608457528822,41.72274628462678
1703197045,-87.71551923271294,41.71477394540824
1703118010,-87.70614990530389,41.737874453758806
1703118013,-87.71031501582439,41.740939551638554
1703118029,-87.71394905953552,41.74382083058555
1703118007,-87.71420291856352,41.73774652504319
1703118033,-87.68303469256394,41.75979486240462
1703117056,-87.67482281478712,41.76388266043859
1703108067,-87.59373411772384,41.75330529695995
1703108006,-87.58834314828613,41.7462187480951
1703108048,-87.58854353593526,41.7495471230148
1703108062,-87.57517160310462,41.7312867655878
1703108008,-87.58331109175745,41.7347649121309
1703108005,-87.5787033771989,41.72857750872524
1703108003,-87.58293703469202,41.729209311211754
1703172089,-87.74145692572918,41.64163714732307
1703172030,-87.69740170027883,41.642192599808936
1703172062,-87.74171012070626,41.60075541169964
1703172084,-87.70575304341925,41.63581485636691
1703172037,-87.70130615732184,41.63638015151185
1703190062,-87.78138879822973,41.54178059767063
1703172003,-87.78014662856262,41.563113369389235
1703172057,-87.76399987221144,41.57039077342033
1703172088,-87.74581321574759,41.5686944213952
1703134008,-87.65199410086566,41.68682459077234
1703134005,-87.64560744358916,41.68180699039117
1703134015,-87.63958026629528,41.67967192579753
1703134058,-87.64877254091068,41.711662200467316
1703121027,-87.64035688932448,41.71650175780701
1703121031,-87.63520806784868,41.71811796769953
1703121059,-87.63742743741525,41.7271947118181
1703121046,-87.62926361386947,41.72347906026797
1703121023,-87.62765215261835,41.720147497820975
1703121026,-87.63037345566215,41.71890699836879
1703119047,-87.68332758657664,41.68269552459909
1703197031,-87.711349348171,41.73030027424174
1703118055,-87.72758421201613,41.740976332021994
1703118014,-87.68891103487574,41.748367403514514
1703116028,-87.65629823860228,41.77867472868969
1703117057,-87.67478136135384,41.76206367503599
1703118011,-87.71928405591014,41.74359246788593
1703118017,-87.71631972522336,41.74764041570447
1703118001,-87.71098456881748,41.752414877498005
1703118003,-87.73320705921667,41.73763947656083
1703121071,-87.6581870841404,41.74005077453234
1703117060,-87.68156021366784,41.76654135180021
1703172101,-87.7210053827291,41.64433624967181
1703197159,-87.72828272445179,41.6501205728772
1703172076,-87.77888423349157,41.61388552165208
1703197050,-87.75007279766352,41.6499920228321
1703172016,-87.7468034381355,41.64402490362603
1703197098,-87.74320098932827,41.652193134202406
1703172002,-87.73606221935017,41.585382334284816
1703172055,-87.68895169658883,41.63030361522352
1703134061,-87.65054443816557,41.70255447047524
1703121040,-87.64836123625226,41.71558900004256
1703121045,-87.64759620189808,41.71983080816553
1703121021,-87.65331956242646,41.7182038597765
1703121036,-87.66278516909728,41.748544201367224
1703121049,-87.65241532813185,41.723163151987194
1703121069,-87.6497102576893,41.74090177748055
1703119065,-87.6790514408577,41.68335216695287
1703119064,-87.67766949550278,41.68993281127273
1703118012,-87.69264618740219,41.74099382839447
1703118034,-87.68342090332858,41.73845248381576
1703118004,-87.68884928546383,41.74454208128394
1703118054,-87.68450751340434,41.746970799696534
1703118015,-87.720385069791,41.75448396290374
1703117011,-87.66659531481433,41.76336496404349
1703118008,-87.68640472500978,41.753424332742114
1703121025,-87.62843305318665,41.71630947058
1703134006,-87.63961349251532,41.65991703324959
1703172058,-87.76782965204822,41.61223937844719
1703172048,-87.77255537663677,41.61496306159027
1703172085,-87.77208310747602,41.6209890973017
1703172050,-87.73331255191796,41.64006298965504
1703172014,-87.6830341155163,41.63007049124642
1703172001,-87.68936347531914,41.641531960084784
1703195031,-87.67330573679298,41.644317734275624
1703134002,-87.64105779875882,41.69718528384183
1703134051,-87.65699900622195,41.673968053006874
1703134040,-87.6472659787429,41.67409531324415
1703134001,-87.65460831409628,41.680241521175994
1703121035,-87.6615093142585,41.73997867576295
1703134007,-87.65649910875536,41.68357492522323
1703134010,-87.64958822892496,41.68107578489434
1703121015,-87.66581904859265,41.74850306502995
1703121068,-87.65822654097217,41.736772286996015
1703121063,-87.65973646652343,41.72535561353215
1703121013,-87.6406056545096,41.737154236207274
1703197102,-87.6990177682871,41.71029199354034
1703197057,-87.70331454205034,41.70979872877335
1703119005,-87.68070431157729,41.72325746312903
1703118041,-87.72880464740729,41.737481539419534
1703118023,-87.70977726227616,41.74757596311645
1703121070,-87.66089559244872,41.74583998131592
1703118051,-87.67058213162073,41.74773222397777
1703118053,-87.66696183346818,41.74575657997648
1703121072,-87.65550456912392,41.748519923259494
1703118059,-87.69005155088138,41.758508938493605
1703117061,-87.67527279608984,41.759486379891925
1703118028,-87.73790110814079,41.73640374723665
1703117040,-87.66983815512882,41.76302506075517
1703197078,-87.76193552087524,41.67834867152189
1703197007,-87.78367262757976,41.67104998419759
1703186035,-87.82845158514131,41.643103698992505
1703188001,-87.82226467149759,41.649483081972264
1703186048,-87.83559993169817,41.615219920824245
1703186053,-87.80412134191296,41.608575300360606
1703186008,-87.81854247928034,41.6140164436095
1703186019,-87.80889636660955,41.61440924057141
1703197150,-87.76353860605579,41.65542367640766
1703197095,-87.7846957143909,41.65258511090928
1703197119,-87.72620085911242,41.67310135387216
1703197008,-87.7358534633952,41.672737036228575
1703197104,-87.7727689794186,41.66699409723089
1703197081,-87.78373477167305,41.67806699380272
1703197034,-87.79295553262631,41.67406223462361
1703186032,-87.82928763496584,41.61291052091038
1703186047,-87.83334812502707,41.60502052321807
1703186022,-87.79891890218457,41.59167062516787
1703186046,-87.8251073424312,41.59757902290312
1703186031,-87.84061653971588,41.62078564690741
1703186028,-87.82314557673297,41.622572082517834
1703197059,-87.71365710534806,41.667069178781645
1703186039,-87.82580876685958,41.64027770708112
1703186040,-87.8426535725593,41.61265341829965
1703186033,-87.81975669417427,41.634779806149844
1703186021,-87.80660356261092,41.63908289514642
1703186024,-87.80449849975042,41.62276660453875
1703186018,-87.83949262930167,41.628786115554675
1703186017,-87.79897602437923,41.59900283922418
1703186062,-87.81525872764199,41.607909086912045
1703186038,-87.8535232038145,41.61541251447814
1703186007,-87.8412460180075,41.625532607680086
1703195146,-87.66227758664462,41.636424361473686
1703186054,-87.82892004035723,41.63198677496171
1703186014,-87.80712834881359,41.591642194614735
1703186067,-87.80792960024999,41.57656597466746
1703186037,-87.83865845100587,41.6338255923509
1703186055,-87.83873824872896,41.6417110167124
1703186030,-87.8210934526603,41.603617541995156
1703186006,-87.80789341995093,41.59831913600178
1703186016,-87.80159813184476,41.56489714123077
1703186010,-87.84364510500478,41.63472672384638
1703105013,-87.59587030659291,41.7741565853413
1703105016,-87.6027478075215,41.77408101974085
1703197043,-87.70300039088328,41.649658513942136
1703197155,-87.73302104210013,41.65665203976061
1703197042,-87.74853012420218,41.66124589329561
1703197138,-87.787386803883,41.66586269914733
1703186052,-87.82441399282511,41.609650196525614
1703186005,-87.79886076042216,41.5763808548096
1703186011,-87.79730714647056,41.582473858175454
1703186025,-87.83994442557365,41.60616427609557
1703186069,-87.84423256709685,41.597682115187105
1703190069,-87.775392645218,41.55569024862084
1703186003,-87.83469130424417,41.59809960804226
1703197122,-87.7241252494977,41.72027568566214
1703197032,-87.71797699811306,41.71829931531475
1703197096,-87.72028082660586,41.7241475860296
1703197072,-87.7172162995656,41.7241879296929
1703197052,-87.7129277055702,41.724241979406465
1703197030,-87.6912887502161,41.71903132154398
1703186080,-87.8159891335441,41.59941177410518
1703197024,-87.6931434938526,41.65309680335077
1703197089,-87.77323665775738,41.65393919666647
1703197147,-87.78649475433947,41.65853084367283
1703197065,-87.79365911325672,41.65909802097274
1703188033,-87.81074811278519,41.6500649374134
1703197158,-87.70146924867684,41.666246628407386
1703197020,-87.69624732688851,41.660411084417156
1703197019,-87.68356587060877,41.659280304589636
1703188009,-87.80119854832301,41.65073789022185
1703118031,-87.70511303361916,41.75291506715399
1703197064,-87.76530186201832,41.66533760159235
1703197144,-87.75811196364954,41.656437679403815
1703197018,-87.68792442512478,41.665711028329724
1703197133,-87.74347705862739,41.67023482934985
1703118024,-87.67015598750322,41.74125951837856
1703197136,-87.75502820465942,41.65093371316234
1703197121,-87.72239658109737,41.714972673094664
1703197016,-87.74283802413649,41.679902226761094
1703197017,-87.68274233364491,41.66496072187745
1703197039,-87.70698114532523,41.70974328984941
1703197128,-87.71586112841901,41.67243403842897
1703197097,-87.71238820972594,41.67458365086589
1703197013,-87.7065402794811,41.71520541859344
1703197076,-87.69923458429861,41.71530315854087
1703197055,-87.70787757851944,41.718831162402395
1703197012,-87.70439291388148,41.72436955997474
1703197107,-87.69407621883187,41.709904592730595
1703197011,-87.69427778962311,41.71493297541849
1703197069,-87.68605991799947,41.716660937149726
1703197038,-87.69017835681983,41.72267599581042
1703197071,-87.69024705182535,41.72632579630907
1703197010,-87.70008970212162,41.72440695220456
1703197143,-87.71001744531476,41.70970756292517
1703197126,-87.7241466517332,41.67846645955431
1703197054,-87.69868433886855,41.71896608260446
1703197079,-87.69806041903021,41.67990379847527
1703197156,-87.7164003905248,41.65764952481217
1703197028,-87.72923420056698,41.665270875066895
1703108020,-87.58360267776409,41.75711197905195
1703105012,-87.59024083195482,41.75547784227753
1703105022,-87.58761328748649,41.77695766921905
1703119036,-87.66897010423499,41.70283794863904
1703119040,-87.67770279128446,41.69426614198162
1703119031,-87.67778958100257,41.69881263516992
1703104003,-87.61009195257267,41.80035588212555
1703104040,-87.60363402760457,41.80558491133805
1703104019,-87.61696843096665,41.829052090201635
1703104051,-87.61452785883417,41.83601212336716
1703105025,-87.58259120512984,41.77155653049981
1703105010,-87.58845662362533,41.76876378168597
1703105051,-87.59229503789777,41.76857923895758
1703119038,-87.66593066485966,41.707852379791625
1703119027,-87.66500007588944,41.71191689646054
1703104047,-87.58977000679499,41.802583140158944
1703104044,-87.59014203706708,41.799021980156304
1703104001,-87.59463881204111,41.8005705418304
1703104032,-87.5943096996584,41.80421125796388
1703116041,-87.6460528857201,41.77396812550165
1703104052,-87.61524717964966,41.831605748633756
1703102044,-87.61944073588603,41.82926275150376
1703106019,-87.62695175708502,41.75586037321111
1703106020,-87.60806585706618,41.770464555161055
1703117009,-87.64584547166938,41.76085771350818
1703106018,-87.63585047055705,41.77351392259487
1703106050,-87.61874433256075,41.72309429050795
1703105039,-87.58832251921675,41.789173413263995
1703105055,-87.58814629968931,41.784136503082316
1703105017,-87.58504664891097,41.77152559016598
1703105005,-87.58870821469276,41.77299200674698
1703106017,-87.62148148710212,41.72633807154201
1703106045,-87.61691648997319,41.75532696951098
1703106015,-87.64197435712005,41.77023860302725
1703106038,-87.60777881189924,41.75671296975034
1703106014,-87.60768871576258,41.75306575651254
1703108037,-87.60348800086884,41.72885491786451
1703120038,-87.58967441240006,41.77818366622719
1703120012,-87.62789165083598,41.786558799233156
1703104008,-87.61175779484937,41.804594570382605
1703106013,-87.60728174818844,41.730941479308036
1703117050,-87.63458734435949,41.76174297590659
1703106049,-87.62757202782782,41.7628017832753
1703106032,-87.622478245266,41.76464498670109
1703108040,-87.6015558112259,41.74346311758471
1703106059,-87.60785281557888,41.74520333947208
1703104012,-87.60962741253435,41.80948918281425
1703104031,-87.59337600091354,41.797318329607506
1703104020,-87.61155707732375,41.826486655973405
1703103038,-87.61873294178103,41.82563030372055
1703104033,-87.60740892555448,41.82235505344854
1703106028,-87.61905542140403,41.7308891881583
1703106023,-87.60407178483037,41.75494957068187
1703106025,-87.60883733145107,41.7279854665027
1703106009,-87.61659450263375,41.72673072565426
1703106035,-87.6145628899399,41.75294826311693
1703106008,-87.62139770583521,41.75282949873052
1703106016,-87.62149207494626,41.75647236936164
1703106061,-87.61161896118973,41.76486050752185
1703106030,-87.60762616291662,41.7632430819824
1703108068,-87.59932247279703,41.75449155843033
1703106055,-87.61357368023833,41.760081179600334
1703103030,-87.61277048506366,41.80885731931547
1703103034,-87.61167354386218,41.8135412906363
1703104039,-87.60897697145901,41.81452028381956
1703103041,-87.62592373577087,41.83470989015559
1703106048,-87.6135860407045,41.76300007125113
1703106033,-87.617867538918,41.76497685226199
1703106006,-87.61723787524662,41.760010874269206
1703106011,-87.62235298827137,41.76010062076553
1703106040,-87.64165408014736,41.766984281462335
1703106042,-87.64014704330692,41.764362307182054
1703105018,-87.60531847500135,41.798939793890604
1703105003,-87.60047470233398,41.797214796443605
1703106036,-87.6272424102593,41.77025363593364
1703106005,-87.63683742689395,41.76724902216444
1703106004,-87.63295741189918,41.77000702423964
1703106012,-87.63062087516543,41.76583102862603
1703106010,-87.60742891666564,41.7429964882356
1703108061,-87.60305100756291,41.73849074291236
1703105009,-87.58840759081575,41.76421593585102
1703105020,-87.59667397296728,41.760977278377425
1703105002,-87.59446016132735,41.763734680120166
1703105019,-87.58834040610044,41.76148116894769
1703106003,-87.60740951543168,41.739090603564776
1703108041,-87.60179207426091,41.740551431958316
1703106024,-87.60688820964748,41.73433728485117
1703106031,-87.61213530202973,41.73791288694782
1703106058,-87.61597347905996,41.74023699860268
1703106002,-87.61333851477157,41.73451747304496
1703105008,-87.58966286668712,41.793289335697814
1703105035,-87.58583695203635,41.79427961883337
1703105048,-87.58639324076591,41.797320483400895
1703120042,-87.61794844351222,41.78528893639093
1703104037,-87.61286046087423,41.82874369012362
1703106026,-87.61184516791667,41.73085645239298
1703106051,-87.61383123694675,41.74718322200843
1703106044,-87.61731846802502,41.74924954974164
1703106053,-87.62309301394366,41.7492892822867
1703106001,-87.62030405091299,41.74669166952897
1703106041,-87.62020415272161,41.744632578891505
1703104048,-87.58714522632147,41.804498988319985
1703105053,-87.59035013020848,41.79551017915238
1703104034,-87.59070092018936,41.79746687617565
1703104045,-87.58623957788377,41.80682195627976
1703105050,-87.58975567514705,41.759012910787966
1703106007,-87.61117129706275,41.767376728336814
1703105033,-87.58773428234343,41.78145717777845
1703134019,-87.66347411829634,41.69024333192624
1703104043,-87.59578457060977,41.79727095368791
1703104022,-87.5943913958084,41.807836703971034
1703104023,-87.59916516492083,41.80415757628825
1703104029,-87.58411710291406,41.80501872845916
1703102014,-87.62163467145977,41.840189010339685
1703102046,-87.61870918097853,41.834646897667795
1703105030,-87.59328159693607,41.793250657383176
1703121053,-87.63103004603455,41.734307688805096
1703121019,-87.65161577541193,41.725942172998586
1703121066,-87.651064122491,41.72814068976729
1703121060,-87.65684680409126,41.72658385683893
1703121009,-87.65531565145507,41.72941668494015
1703121044,-87.65158396912304,41.73223827125976
1703104017,-87.58281078670863,41.80323245042726
1703104038,-87.58402628975111,41.801110720052165
1703104024,-87.59923223449069,41.807795225879396
1703104016,-87.60279859448798,41.80957782527287
1703104028,-87.5981911772575,41.799437414448995
1703104021,-87.59941624544707,41.801237367003935
1703103007,-87.62085593337618,41.83626930295552
1703103005,-87.62148651373765,41.83171251775575
1703105041,-87.59298558670592,41.78841103661315
1703105027,-87.59809924162198,41.790791322025406
1703121010,-87.64928620931077,41.730260137291424
1703121028,-87.64555212265782,41.729282883696555
1703121047,-87.63969019157263,41.71993656981325
1703121042,-87.63648485141213,41.723457177986326
1703121005,-87.6416274473506,41.72371925446442
1703121024,-87.64138606603353,41.72773860185189
1703104013,-87.6024827348652,41.79889432316181
1703104041,-87.5981259192007,41.7965096187914
1703104026,-87.60567622530202,41.808849696151675
1703104009,-87.58913676871133,41.808510881338144
1703104049,-87.60919879437894,41.81766662002981
1703102031,-87.62352987308871,41.84367772746349
1703105045,-87.60271100287373,41.7642946895546
1703105023,-87.59946901243363,41.769278508525936
1703120029,-87.60160495172455,41.777473186582355
1703120016,-87.60191571909866,41.782280687007606
1703120005,-87.60443744516576,41.77783189503548
1703121008,-87.65970065279157,41.7307741465462
1703121014,-87.66126642726148,41.728347987917445
1703121037,-87.63382443073431,41.73989552293113
1703121033,-87.65616224024106,41.71148846141791
1703121022,-87.65644240496918,41.717691981260444
1703104018,-87.61117386352896,41.8195023490686
1703105015,-87.60392304296595,41.796354390275695
1703105052,-87.6037084789701,41.790444550889035
1703120022,-87.59402746038276,41.77797435842748
1703120009,-87.59826439164274,41.77773686447247
1703108013,-87.58442412797602,41.753313602853304
1703121051,-87.65690042042648,41.72326514385707
1703121020,-87.65595219459681,41.70573178569258
1703119042,-87.67191170488614,41.696008193881106
1703104050,-87.60866562605385,41.805996783916456
1703104046,-87.60266164947981,41.80241454118164
1703104002,-87.61585149744135,41.83668696058415