17015SA05,-90.11131944008105,42.09064415600986
17015SA03,-90.1507349047905,42.0900617809725
17015SA02,-90.15194876743864,42.09687300070964
17015SA01,-90.15609579604583,42.102807226887435
17015WN00,-90.16809873354522,42.16127137705715
17015SA04,-90.12398193074573,42.10236708583987
17015SA06,-90.13018560340522,42.055195826684994
17015MC03,-89.97278878513183,42.09203975345392
17015MC01,-89.9779204741774,42.10373896941511
17015MC02,-90.03710523062385,42.06512053690692
17015YK00,-90.06565883996947,41.974756361302546
17015FH00,-89.91923572277743,41.976656294728706
17015RL01,-89.8324912665661,42.06276997454969
17015WD00,-90.03680780845924,42.15311575109881
17015SM00,-89.9174855672846,42.06473158414896
17015WY01,-89.79376565906149,41.997019973017395
17015EK00,-89.7150813117456,41.977501763885144
17015WY02,-89.81143120492585,41.953611094924945
17015CS02,-89.71646538048329,42.154938709361666
17015FD00,-89.91902360428027,42.152887430139494
17015RL02,-89.74708810658082,42.06896364194226
17015CS01,-89.80300188207444,42.15370014868745
1709500002,-90.36130993575493,40.95967160569011
1709500001,-90.35898954431548,40.96467105728174
1709501601,-90.04312923589652,40.756478127845526
1709501801,-90.04245474564925,40.931119127068214
1709501701,-90.04287356209439,40.84387276935205
1709500003,-90.35369464092562,40.957867038792116
1709500026,-90.39620162366676,40.947091056414315
1709500031,-90.39213761831223,40.9817170284238
1709501901,-90.04175522773886,41.018362634670254
1709502001,-90.04086811016556,41.10579845502161
1709500029,-90.37784495829209,40.97043434006595
1709500005,-90.35614628633891,40.97819028426643
1709500004,-90.34588820841833,40.96769155355829
1709500011,-90.35145776057085,40.937144165586275
1709500015,-90.37993033207053,40.92335162316328
1709500006,-90.3393486663376,40.95760759689674
1709500016,-90.39047565098167,40.9350277618786
1709500007,-90.33667646456902,40.945096940010714
1709500401,-90.35260688499709,41.02312107079284
1709500010,-90.3671570140981,40.93116423700647
1709500009,-90.35399497344343,40.944821964250956
1709500012,-90.35986630951852,40.934522805370456
1709500008,-90.35201804809839,40.94948403146529
1709500017,-90.42213620174768,40.937540914981135
1709500013,-90.32566948106275,40.92993523774329
1709500301,-90.38752944944943,40.924062090873406
1709500014,-90.36904157393239,40.94401274739466
1709500806,-90.26521796658147,40.93393236402041
1709500805,-90.31144500119336,40.943495307886366
1709500027,-90.3746654154709,40.96613364457719
1709500402,-90.41211334852032,41.022680618968444
1709500018,-90.37872100213353,40.950031454092056
1709500025,-90.38822382493863,40.95541308635919
1709500023,-90.39038876449784,40.96337488497015
1709500020,-90.366032258062,40.955269432054585
1709500019,-90.3662270441651,40.95042816697545
1709500021,-90.37505882473289,40.957145052858635
1709500022,-90.3824927874001,40.95896978501388
1709500024,-90.39834854769218,40.95406952659604
1709500028,-90.36870939195609,40.980998744070554
1709500030,-90.36807126190735,40.96398059849006
1709500101,-90.4164364172466,40.75210328048261
1709500202,-90.384880039177,40.823931295166936
1709500201,-90.40848636688743,40.80597558234418
1709500102,-90.3658797404944,40.76174919949976
1709500601,-90.27198371682886,40.757523147150515
1709500204,-90.40077921472019,40.807295011799354
1709500203,-90.38482398095172,40.86714540380482
1709500701,-90.2706430315244,40.845006058904495
1709500501,-90.38106746238843,41.107556422491754
1709500901,-90.26769939878989,41.01992792625773
1709501101,-90.15771890906913,40.756959424754356
1709501201,-90.15688583426564,40.84436803475116
1709500801,-90.29314654970756,40.91443034024835
1709500804,-90.27902419526716,40.9115397967626
1709500802,-90.29075224097065,40.901584372526166
1709500803,-90.27648831533095,40.90105154284749
1709501301,-90.15566976872118,40.93182390506572
1709501401,-90.15440241300702,41.01921990204899
1709501001,-90.26635301596602,41.10778214122191
1709501501,-90.153233813261,41.10694169868479
1708501301,-90.4471027618018,42.442562371290826
1708502301,-90.15960966412668,42.32808065793467
1708500401,-90.15628038094037,42.240469208990916
1708500901,-90.30857113420016,42.2435052296776
1708500502,-90.62114717540804,42.47371376251551
1708500501,-90.63524069901332,42.501213871841074
1708501001,-90.53319748039434,42.46238439060643
1708500503,-90.60014886013334,42.4886253178324
1708502201,-90.46519657808473,42.40132532226542
1708502202,-90.43604093380873,42.4215436878586
1708502203,-90.41981168886997,42.42510736264956
1708500801,-90.28197995955033,42.41591575241295
1708501401,-90.3864302615265,42.331052367018984
1708500701,-90.27826816048825,42.327993339286394
1708501901,-90.44371642137212,42.483945643359824
1708501101,-89.95251436335913,42.43363005627133
1708501801,-90.16234035911526,42.415663392484625
1708502001,-89.95132806077773,42.3274121113526
1708501701,-90.03951048886772,42.31743646970742
1708500101,-90.13861011028129,42.48363658670313
1708501601,-90.24736881914933,42.48369821798607
1708501702,-90.04195318557353,42.36097181441841
1708502102,-90.01180964741619,42.49549629473218
1708502101,-90.0355009422041,42.477553506263924
1708501501,-90.04318380302745,42.415263219325794
1708500201,-89.94921655046377,42.239920636331725
1708501201,-90.03758576575541,42.24070338610814
1708500601,-90.38260832307691,42.40937080495336
1708500301,-90.35204319806729,42.48365732689683
1707100101,-90.84630487787504,40.678488991087384
1707100901,-90.96284384691351,40.67850524199678
1707100201,-90.84631609334656,40.76328652185273
1707100801,-90.96134716271182,40.76379004246326
1707100301,-90.84571345674722,40.850647207931786
1707100701,-90.95593599647927,40.85488283735989
1707100401,-90.84460168022156,40.93828152651723
1707100602,-90.92683488494005,40.9790662152346
1707100501,-90.85549695938542,41.02925952310469
1707100601,-90.94600238101334,40.91192195079762
1707100702,-91.0348742433481,40.83224637091504
1707101101,-91.06076105447372,40.76188426967288
1707101001,-91.07762749225279,40.674294819022194
1707300701,-90.26070607780404,41.44402651121758
1707300301,-90.13961128658785,41.53937678648831
1707300202,-90.24605533409274,41.497472811674974
1707300201,-90.27745002319378,41.508986146267844
1707302402,-90.05229175043326,41.156004094691646
1707302401,-90.03914114687663,41.19445312624908
1707302403,-90.05035265246323,41.17377794842152
1707302503,-89.92174280560971,41.231411655004756
1707302501,-89.89671574081066,41.191519545141524
1707302011,-89.92013930344305,41.23632195268289
1707302008,-89.92277147934611,41.24034901409538
1707302006,-89.90862276502443,41.249447925422324
1707302009,-89.88092300731064,41.24885172368581
1707302004,-89.93052455068919,41.244247565153124
1707302005,-89.9203121826906,41.2457747705156
1707302502,-89.95543574447079,41.19024776436703
1707302504,-89.94658363453259,41.23213342670156
1707302010,-89.93613556465816,41.23598001289989
1707302007,-89.93881491304508,41.23953896942332
1707302001,-89.9554818665484,41.245612040494485
1707302301,-90.15197075051479,41.19342422164278
1707301802,-90.14730011556793,41.26642370933578
1707302101,-90.3798802247789,41.19462385184174
1707302201,-90.26570457476438,41.19419465241943
1707302002,-89.94510711724195,41.28914217708889
1707302003,-89.890331826184,41.28887635655191
1707301901,-90.03066037634902,41.278916897460505
1707301801,-90.14267885841701,41.3106951968324
1707301701,-90.26157406360403,41.28064774713084
1707301601,-90.3775767222575,41.281779528091015
1707301201,-90.26092089743521,41.367981988281805
1707301102,-90.36827027259596,41.35151592360007
1707301101,-90.38234306587746,41.35146113391967
1707301501,-89.91469164878463,41.365288277359454
1707301401,-90.02951610070353,41.366574057722396
1707301301,-90.14460304664176,41.36796190649635
1707300803,-90.1483947653532,41.45377099076507
1707300802,-90.15974369827556,41.46172224598748
1707300804,-90.16208184232407,41.44147794455971
1707300805,-90.14407725040331,41.46295847881438
1707300801,-90.1442216743632,41.436367652132994
1707300603,-90.37530943138863,41.473105189113994
1707300602,-90.34294933106979,41.49481016236731
1707300605,-90.3362693479331,41.474563460682596
1707300604,-90.35894315288768,41.47263661252542
1707300601,-90.37329242112718,41.43926378637041
1707301103,-90.37628327379221,41.36956844830993
1707301001,-89.91453565453024,41.45293243763163
1707300901,-90.02912497497523,41.45335026426132
1707300501,-89.91698841552503,41.54011151117017
1707300401,-90.02977529573434,41.54018042839661
1707300806,-90.1427629242025,41.4558253493636
17057FA05,-89.99693497429017,40.67638438210403
17057UN01,-90.38677513729894,40.67092869544896
17057YH01,-90.25276520122571,40.66973653784622
17057EL01,-90.30975150528613,40.66294278151985
17057LE01,-90.3880714743154,40.58356348458302
17057PT01,-90.16025241096898,40.51672760877511
17057DE01,-90.27024436171261,40.58050473318135
17057HA01,-90.39183984497828,40.49983917116323
17057JH01,-90.15890631094112,40.582339293874746
17057CA14,-90.00476629787063,40.57878161932757
17057FA03,-90.04517907250164,40.640231730401766
17057CA09,-90.01343456157352,40.611499594566325
17057CA07,-90.07039566908647,40.55908421690735
17057CA06,-90.06987767356082,40.55522826560739
17057CA10,-90.02375722316577,40.57977739260831
17057CA03,-90.01020434813846,40.55472865143595
17057CA02,-90.0239101557835,40.55891296811385
17057CA15,-90.00465921494077,40.55883045032388
17057CA13,-90.06936602662867,40.59611341130526
17057CA08,-90.07215166333286,40.564070549327425
17057CA12,-90.03540936604284,40.55542705200874
17057CA11,-90.03148310591715,40.55379233337774
17057CA01,-90.03104115522599,40.564082911983945
17057CA16,-90.03223102206225,40.582009664777566
17057PT02,-90.16028848341263,40.47318246583076
17057LV01,-90.03202566509994,40.41590786710866
17057BK03,-90.08030085582796,40.492769466362034
17057CA04,-90.01199015034888,40.54547125202953
17057VT02,-90.39996215215568,40.31478085516025
17057CA05,-90.069811259015,40.54593828224235
17057BK02,-90.04978039038345,40.50986149135735
17057PL01,-90.27644057740645,40.319426878640364
17057CS01,-90.2795158653368,40.49166871408717
17057LS06,-90.12716843215416,40.42457022115706
17057LS05,-90.12860183598826,40.39830102762264
17057BE01,-90.27634654032856,40.40840598847747
17057LS04,-90.13632956705601,40.377603157706275
17057LS03,-90.19175267394762,40.3809576445197
17057LS01,-90.17828413513375,40.431413775678685
17057LS02,-90.19170340018887,40.40393938546329
17057WT01,-90.11239869245097,40.34221718940762
17057FE01,-90.3914034533358,40.406885008442494
17057BK01,-90.0173226786135,40.493504222078485
17057KR01,-90.17174662353877,40.2407661417466
17057IS01,-90.16021746274795,40.306851519953
17057VT03,-90.39126840104647,40.349225968587604
17057BA01,-89.93775049662314,40.49732883027246
17057OR01,-89.93170854963073,40.581808940994165
17057AS02,-90.39554494146451,40.20944909429246
17057FV01,-90.15822351482639,40.669829533499026
17057FA04,-90.07925882164938,40.68627551572973
17057WD01,-90.27781957499342,40.230467867945876
17057AS01,-90.39210390289095,40.253137326870224
17057VT01,-90.37883350160936,40.28918227631456
17057FA02,-90.03520013755266,40.67653226060108
17057FA06,-90.02488021883401,40.705444462519715
17057FA01,-89.9959151175591,40.705190379881174
1713100602,-90.62818352027668,41.26212348329286
1713100301,-90.49710812203028,41.31032360232509
1713100901,-90.72583338692179,41.28490631986195
1713100501,-90.5673484775876,41.195920458060286
1713101301,-90.92439693210896,41.084574694639926
1713101201,-90.84161024711167,41.286984832559135
1713101501,-90.99500592804257,41.28717035909106
1713100402,-90.57001078341624,41.096957073543805
1713100202,-90.49267851692072,41.177124203934234
1713100201,-90.49209467257198,41.22095141312413
1713100401,-90.6221791309707,41.1145360026053
1713100801,-90.74382996950204,41.20672844915849
1713100502,-90.62623142844616,41.19728256720487
1713100701,-90.72561150835658,41.111799596472494
1713100802,-90.73616093900694,41.19548563831875
1713100803,-90.7552286722783,41.19161007168831
1713100804,-90.75546308541729,41.19913862585416
1713100805,-90.75494381656686,41.20600745026053
1713101001,-90.84196578278333,41.11317745188618
1713101302,-90.93639123999861,41.131479220023955
1713101401,-91.0307842973318,41.212840652490584
1713101402,-90.94103978818977,41.19896316004353
1713101101,-90.83979888699626,41.199959209975226
1713100806,-90.72161830043903,41.19825891287048
1713100302,-90.49074397824104,41.26675678853756
1713100303,-90.49308100129579,41.30734403858489
1713100601,-90.59995986920258,41.29572938792288
1713100101,-90.49391147649233,41.10764814367433
17195CO03,-89.692316062734,41.77920428861322
17195ST06,-89.69907249541251,41.78954429793151
17195CO02,-89.69885458284094,41.777145853417544
17195CO07,-89.69525242148922,41.76993291953317
17195CO08,-89.69719958639331,41.76309766984057
17195ST07,-89.70352008850504,41.79114051549562
17195ST08,-89.70847029719592,41.791283795642634
17195ST09,-89.71509699085482,41.79520709293742
17195ST13,-89.68433710878357,41.80191582231101
17195PR02,-89.9586678741929,41.624983691782695
17195ST14,-89.73065822306968,41.81673501526574
17195HO01,-89.80183560652708,41.7761746921738
17195MP04,-89.95815412952878,41.78215689764007
17195MP01,-89.94948086352382,41.80947273619618
17195CO01,-89.72625898160427,41.779170422203734
17195CO09,-89.72658685862821,41.764991272191786
17195GE01,-89.8037011116439,41.88741452435794
17195US01,-90.03557022045166,41.887219263697645
17195MP03,-89.9718545114134,41.78355431711697
17195ST18,-89.70914790168916,41.82176787639185
17195MP02,-89.95953216366894,41.828359619165575
17195CL01,-89.9200394835931,41.88797229786286
17195ST11,-89.7025994194446,41.82186173495412
17195ST12,-89.69356025713323,41.821666208964395
17195MP05,-89.90385708835873,41.79989410824239
17195NE01,-90.15055153562868,41.71456223395735
17195ST17,-89.68379275761566,41.82421463072483
17195ST16,-89.67418897639853,41.82310271493563
17195JO01,-89.68777159225084,41.88717011044798
17195ST10,-89.653910461853,41.8269946068124
17195GP01,-90.14431971831574,41.79829652475424
17195AL01,-90.22377893101341,41.73739264889612
17195MT02,-89.71877107735892,41.714471791990036
17195PR03,-89.90862836509606,41.693828333596926
17195PR01,-89.89981077793524,41.63098548279585
17195HU01,-89.7995914907292,41.7095575073573
17195TA01,-89.8050386076019,41.62767037048884
17195HA01,-89.68972639257042,41.627986768956056
17195HO02,-89.8082219187652,41.8196097297361
17195FU03,-90.1372639912852,41.85247293671913
17195FU04,-90.12502853751386,41.89407410853397
17195FU01,-90.15823092206288,41.869574085141195
17195FU02,-90.15960712836798,41.865504733869926
17195LY01,-89.91303006618595,41.7292332811252
17195UG01,-90.03519408757607,41.800700060606346
17195PO01,-90.04675233452626,41.617068523141846
17195ER02,-90.09586766064602,41.63560059075896
17195FE01,-90.03512307545324,41.71413984109247
17195ER01,-90.13521623165391,41.65513734291225
17195MT01,-89.660903866712,41.71472205061987
17195CO10,-89.65118081039881,41.77121415043743
17195ST15,-89.64543415454261,41.79938612087752
17195CO06,-89.6740184970793,41.771393906034334
17195ST01,-89.67512886729808,41.79431508057393
17195ST02,-89.68276499547714,41.793793739935104
17195ST03,-89.68767449566458,41.79288759987315
17195ST04,-89.69174627922698,41.79251322911066
17195CO04,-89.68360194618145,41.783456288165404
17195ST05,-89.69551129730485,41.79204352310835
17195CO05,-89.6844422961577,41.77221238511245
171611107,-90.58199331887721,41.43451030450645
171611015,-90.58430395339195,41.47424027607656
171611014,-90.5753211598511,41.46997403493395
171610724,-90.52104148019778,41.46640127756041
171610709,-90.50057777749525,41.482365969993
171610834,-90.51255416929854,41.48276045548323
171611012,-90.55275498589016,41.47091573576276
171611102,-90.56042598666802,41.45337411470998
171611010,-90.54216140602625,41.48678526036797
171610824,-90.52032280633644,41.48463431683643
171610815,-90.5303746572156,41.481729940609206
171610708,-90.52598110278598,41.47541148043162
171611008,-90.5525154186528,41.483253540647056
171611013,-90.56213909131615,41.47134886354191
171611005,-90.56470228441701,41.486578434258846
171611004,-90.56981845671658,41.483396550259265
171611011,-90.54254425634986,41.473143926179986
171610723,-90.49167836716215,41.46705670350637
171610707,-90.49368981578228,41.486308900045465
171611003,-90.57698088817614,41.486515477464586
171611101,-90.6193922380765,41.458678479778214
171611016,-90.5933305893539,41.47376188870112
171611002,-90.58380474909401,41.487961149853575
171610713,-90.4836469579506,41.481173297257435
171610706,-90.49408448138833,41.495979966006196
171610851,-90.4942835341167,41.5091715409726
171610725,-90.48434837754341,41.49404477240981
171611001,-90.59994089339749,41.48722198504593
171611009,-90.54262890074857,41.49166920164602
171610972,-90.54190296746332,41.496858064376475
171611006,-90.55990773326708,41.485914260220376
171611007,-90.55246121332642,41.490540276085426
171610705,-90.48433724361323,41.500305671054306
171610861,-90.48349974701891,41.51122646732822
171610704,-90.47030608339527,41.495169151286184
171610963,-90.55200873175227,41.49473012141551
171610962,-90.55171468646898,41.49879372427266
171610961,-90.55174054484635,41.50600716263346
171610952,-90.56191262764234,41.49796108356607
171610943,-90.56932930274775,41.49805665022669
171610722,-90.47009961850475,41.50206784094973
171610712,-90.43701520491601,41.493235022730566
171610727,-90.44702173890649,41.49339576950186
171610703,-90.45110116907514,41.48500944906296
171610942,-90.56924945534394,41.507363376143566
171610951,-90.54184984788638,41.51603261628702
171610941,-90.57377282145109,41.506741915554834
171610728,-90.4353727145035,41.47895334730103
171610702,-90.43959831572093,41.52238075607046
171610717,-90.45716014164626,41.49622048327012
171610932,-90.57741844967265,41.498280182556265
171610931,-90.57971877336267,41.509881881231856
171610922,-90.5838896559522,41.498802107461216
171610921,-90.58629264428069,41.50856518505773
171610715,-90.44912345228671,41.505509428407755
171610710,-90.44871296315512,41.518624863393434
171610701,-90.45622992686178,41.51699066382453
171610911,-90.59518463189065,41.50163298502568
171610871,-90.46879724075532,41.51639025874723
171610842,-90.50247326109054,41.5103001483621
171610729,-90.44694806289453,41.4674687875211
171610612,-90.42868698667502,41.502978427484706
171610606,-90.40666404475562,41.51380945130095
171610616,-90.39783572290987,41.48016637976819
171611801,-90.97842959634184,41.37789512712857
171611601,-90.7211304845057,41.43495898439974
171611701,-90.83877556771968,41.390821311062794
171610841,-90.50771427691834,41.50775726740034
171610823,-90.51785399388338,41.4944944718823
171610832,-90.51067439237114,41.495753041703345
171610831,-90.51265015023836,41.50484110513033
171610608,-90.38412177376482,41.50009687138008
171610615,-90.41037990016797,41.50106537655322
171611501,-90.72882608202146,41.39089539058858
171610814,-90.53085278219592,41.48721802208368
171610813,-90.5310053093215,41.49240673873425
171610822,-90.5223074918298,41.494688746501225
171610812,-90.53114268408191,41.49828228888236
171610821,-90.52108729161391,41.50404471414474
171610605,-90.42208537240639,41.474247898357135
171610614,-90.42006481996997,41.49677205589158
171610611,-90.42049623500431,41.514061265683715
171611502,-90.71980229981936,41.3483172845268
171610811,-90.53234552003954,41.50671433574013
171610971,-90.54174272836738,41.5054115624635
171611203,-90.4462222769228,41.44249591422042
171610604,-90.42931946174808,41.52045279564843
171610613,-90.4206973501114,41.523391966544814
171610607,-90.39517986007684,41.53016620022369
171610603,-90.42736347483327,41.53820835511027
171611201,-90.47632689948144,41.426707969023745
171611105,-90.52685617579446,41.43935465321474
171610872,-90.46892858205874,41.50760759095567
171610610,-90.41051417002103,41.49038389033118
171610602,-90.38763703709452,41.563550829102184
171611401,-90.6178145622205,41.365185528602666
171611402,-90.57529322604542,41.39428302366363
171611202,-90.48638429739522,41.45078412944216
171610720,-90.4637748739381,41.47498716614932
171610719,-90.46859581152475,41.46387776475357
171610716,-90.4505978860825,41.500176901644096
171610617,-90.38919480530254,41.54905082459868
171610609,-90.34866385786472,41.525247448571214
171611103,-90.56176708310082,41.4211180458414
171611301,-90.49127200167723,41.370408920164685
171610714,-90.4406078099004,41.4860693719363
171610726,-90.47319048804454,41.4754215427271
171610718,-90.43814908822206,41.5024863964388
171610721,-90.46838105907428,41.48798310770309
171610501,-90.33320903761205,41.625678796183465
171610601,-90.34135298468777,41.56388421903082
171610401,-90.26500182159523,41.553466741798694
171610301,-90.18943503402585,41.61156758059479
171611106,-90.56098161399359,41.43514540652925
171611104,-90.62933432440309,41.42970866302356
171610711,-90.46775815827071,41.48244465320443
171610843,-90.50241195947639,41.4961200234111
171610833,-90.5108985334691,41.49010548880349
171610201,-90.26711009433347,41.627431938343406
171610101,-90.27556303912014,41.714772227002236
17187MN11,-90.63368078981232,40.912232571036206
17187MN05,-90.65639505679688,40.914131357277434
17187MN07,-90.6561575216349,40.90945157538492
17187MN01,-90.64621360648617,40.91258717882522
17187MN02,-90.64526092701627,40.90822431208948
17187SA01,-90.61043360824567,41.048094118096586
17187SG01,-90.61019583636995,41.00425787146088
17187SU01,-90.72734110151139,41.02441153462687
17187HA01,-90.72870419592522,40.937026871235766
17187SW01,-90.61615798760329,40.67405643398811
17187LE01,-90.6141290320106,40.84776760231284
17187TO01,-90.730101160107,40.849686049750034
17187EL01,-90.73106974698067,40.76237060510116
17187PP01,-90.73082396466347,40.67615139643719
17187KE01,-90.4959621876794,41.020120690707024
17187MN12,-90.6092117861937,40.93680445814486
17187CO01,-90.4974707560998,40.932887484335026
17187RO01,-90.63351424118504,40.74024299728061
17187GR01,-90.50202121602393,40.672232069416815
17187FL01,-90.49900885146742,40.845496475447646
17187BE01,-90.5006533447368,40.75869001966462
17187RO02,-90.60974760003344,40.767633972523555
17187MN09,-90.63284965833091,40.90758952521673
17187MN06,-90.6541745926512,40.921471344083926
17187MN04,-90.6443899619175,40.92222443246712
17187MN03,-90.63444273852782,40.91866292854087
17187MN08,-90.65342303525901,40.90187734362144
17187MN10,-90.64067465128876,40.90090934413961
17143PE79,-89.61507125855454,40.71211789859938
17143PE22,-89.58767453771196,40.71787062602598
17143PE21,-89.58747943124698,40.714353767289246
17143WP03,-89.62781539407294,40.69699437074766
17143PE70,-89.614692414115,40.68201942974216
17143PE76,-89.63080707572483,40.713095530342166
17143WP02,-89.63735088302708,40.69541166541354
17143PE24,-89.57763044842133,40.72354251935395
17143PE40,-89.63166911635024,40.735072827590805
17143PE39,-89.63765285965019,40.73152028544958
17143PE38,-89.64507130992804,40.7343008220393
17143PE75,-89.59082019166561,40.729754570300976
17143PE15,-89.59622454594674,40.69990551170393
17143PE16,-89.59794515117335,40.7024551056536
17143PE18,-89.56642499146376,40.704627290634214
17143PE13,-89.61161345363321,40.7011204884669
17143PE14,-89.6133866914153,40.69460620794429
17143PE12,-89.62085872070381,40.69439467470529
17143PE61,-89.61926670515358,40.74001462537717
17143PE09,-89.61208607750515,40.68937528053782
17143PE06,-89.62839609728927,40.68212208022636
17143PE65,-89.58549735863869,40.72479878155927
17143PE05,-89.63762852072584,40.68462410397515
17143PE11,-89.58968120506995,40.693593611103736
17143PE04,-89.62645916736822,40.67652603120864
17143PE77,-89.63874295981445,40.718681268348064
17143PE02,-89.62913077233554,40.66261844381474
17143PE03,-89.63369864266501,40.6766068310628
17143PE07,-89.61570256318197,40.66858950159212
17143TI01,-89.83895254238911,40.55498796535659
17143HO02,-89.73213603738816,40.58208477131179
17143HO01,-89.68637480838943,40.59715303387558
17143TI02,-89.80797429984158,40.59459353611604
17143PE31,-89.6032481992836,40.72134516538656
17143PE43,-89.58907073208213,40.736873419935286
17143PE44,-89.60782719075036,40.735898238708714
17143WP01,-89.63106148525736,40.65381837829107
17143PE01,-89.63823626218826,40.662258553092165
17143PE08,-89.62087328422929,40.68581442653175
17143PE29,-89.60819110802618,40.71544323853166
17143PE81,-89.61687411801455,40.72147228120861
17143PE10,-89.60105252448444,40.6877965866652
17143PE42,-89.6133712873255,40.72981702713842
17143PE41,-89.62679588335239,40.728250915683695
17143PE36,-89.64808763231835,40.72418969910895
17143LI07,-89.65290406637348,40.65972082833043
17143LI08,-89.664927838616,40.65452807951089
17143PE17,-89.58068769078469,40.69879664882904
17143PE86,-89.5902608730643,40.706892381170796
17143PE19,-89.58129858524858,40.70878873384264
17143PE35,-89.63310017437158,40.72545671242857
17143LI09,-89.64967633515829,40.63911883920176
17143LI06,-89.66539856125912,40.67035094810136
17143PE23,-89.58692244912989,40.720884258546704
17143PE64,-89.58885744309815,40.72856191299901
17143PE33,-89.60075197924868,40.728545632947345
17143PE30,-89.6096311948774,40.721480583092216
17143LI11,-89.68594413158353,40.64729929241127
17143LI12,-89.68569874291458,40.66574083658095
17143WP04,-89.62725890503334,40.69061318269611
17143PE32,-89.59643200523838,40.72394244632637
17143PE28,-89.62068338985208,40.70522533401431
17143PE37,-89.65075116309905,40.73465622914683
17143LI10,-89.66616449213988,40.63385217258806
17143PE34,-89.62917394477769,40.720558863760765
17143PE27,-89.59754887035753,40.714507358758745
17143PE26,-89.60291125863846,40.71035752007994
17143LI05,-89.64921121989778,40.674162089692466
1717901919,-89.63848970829903,40.554741982459404
1717900603,-89.59974121637113,40.55333353004446
1717901933,-89.62179098794573,40.573491261233876
1717901932,-89.6239575531996,40.58484051926567
1717901927,-89.61231334957732,40.56913358236703
1717901931,-89.62282879743744,40.578950148154966
1717901924,-89.6296932232734,40.579352259016304
1717901925,-89.621678750927,40.625005946879824
1717901926,-89.63090917234362,40.584167485956684
1717901910,-89.6334675479206,40.59375126499201
1717901915,-89.62818280637474,40.61088465401129
1717901907,-89.63747398827698,40.564802883534234
1717901914,-89.63905299126702,40.559120029682276
1717901906,-89.63040891813198,40.56344287826743
1717901917,-89.63124380313351,40.57498960195597
1717901905,-89.63241632047523,40.570412075777604
1717901935,-89.61652214474464,40.5938586689683
1717901934,-89.61368195925445,40.57875384582212
1717900206,-89.61307703589942,40.53980802671921
1717901923,-89.6145080761225,40.55920919327656
1717900205,-89.61603525868419,40.549513685388455
1717901930,-89.6232901213575,40.56993344484047
1717901922,-89.63713476992739,40.57922840199332
1717901904,-89.63991459965061,40.5710516687026
1717901908,-89.64312295079122,40.56412235984012
1717900816,-89.59631910656238,40.619637429869655
1717901929,-89.62428698748847,40.55536464315529
1717901918,-89.6261081076293,40.56031013553574
1717901920,-89.6482720844321,40.55699165981326
1717901913,-89.66097645149615,40.557421455833705
1717901916,-89.64889681401745,40.592132471189785
1717901901,-89.6486573612414,40.57462341141044
1717901909,-89.65324307007442,40.56614297350989
1717900807,-89.58974697916544,40.63607126831543
1717900809,-89.60160096607726,40.63485789556441
1717900804,-89.60333176914534,40.651331673419975
1717901921,-89.61256714612631,40.64452230044183
1717900207,-89.62397307857687,40.53782525316471
1717900204,-89.63202983019353,40.54401548320757
1717900202,-89.6312704921064,40.509629672898086
1717900203,-89.6860387396962,40.53302095499716
1717901602,-89.78731832419957,40.51824554197414
1717900201,-89.68511445249206,40.49416251103458
1717900806,-89.57568128280316,40.63598020663845
1717900810,-89.59901141207295,40.61870221650382
1717900808,-89.59288948709556,40.653394910176075
1717900702,-89.59787534182168,40.669370503305444
1717701820,-89.67654277291987,42.294770836542966
1717701814,-89.64972506161556,42.290443058480356
1717701817,-89.64872720495215,42.2995357750426
1717701811,-89.6377523739078,42.3003250453425
1717701812,-89.63917867740784,42.29244296391245
1717701808,-89.62729285972748,42.290457951050385
1717701809,-89.62851677728604,42.295786217239545
1717701806,-89.61858480324922,42.287259852522794
1717701803,-89.61694779614471,42.29295434020339
1717701301,-89.63351219222338,42.43138693931666
1717701601,-89.66433268048829,42.482475142908676
1717701701,-89.83817591168905,42.48245717681804
1717701101,-89.82335233772274,42.38697666143977
1717701102,-89.82816544145831,42.37610830265556
1717701103,-89.8691712987507,42.41741036793565
1717701201,-89.75073627608809,42.415495532468036
1717701816,-89.65993445502735,42.293690979209565
1717701819,-89.66274162658183,42.30277596460831
1717701821,-89.66390766195045,42.30858905908305
1717701818,-89.64810836835134,42.3059757019008
1717701810,-89.63103040202424,42.30646491858791
1717701801,-89.61198297141605,42.302213640911795
1717701302,-89.63325074040797,42.38795115332306
1717700802,-89.64276764814001,42.342799258707466
1717701501,-89.48312859238045,42.47635823973833
1717701401,-89.54521410097513,42.417736485616885
1717700602,-89.4208474302906,42.390085686022786
1717700601,-89.47876810771236,42.389322902550646
1717700701,-89.57391849693025,42.3524411501898
1717701813,-89.63567596863165,42.28037556281706
1717700501,-89.45565639090033,42.29534057525884
1717700702,-89.5662279757783,42.3127422663847
1717701802,-89.59616407181916,42.294099492666376
1717701804,-89.60954390861919,42.28875529182691
1717701805,-89.60598634963314,42.283011715365625
1717700502,-89.45470160240868,42.23003817377119
1717700401,-89.56886837770101,42.244294475149474
1717701807,-89.62188167273005,42.26933392663057
1717701815,-89.65150545336789,42.27811630707945
1717700801,-89.70365750914186,42.33221303957409
1717700302,-89.6852322387619,42.22942505329139
1717700301,-89.70943772135341,42.269272395422846
1717700901,-89.77867518318538,42.3283681688253
1717700201,-89.80439322341388,42.24086345316221
1717701001,-89.8652373802617,42.32801166667994
1717700101,-89.89081528615674,42.24015505300272
17201R1302,-89.12386400927097,42.277816569037874
17201R1303,-89.10789725502366,42.274364739509736
17201R0706,-89.12147898290338,42.286654690024214
17201R0305,-89.0917961007746,42.27445616444282
17201R0306,-89.08017514896174,42.28296203912064
17201R0705,-89.1228297362147,42.283088106927316
17201R0704,-89.11234750403445,42.28068034529117
17201R0702,-89.10153805580447,42.288587786073414
17201R1103,-89.07839132701386,42.25777817145287
17201R1102,-89.07895228436047,42.26290854808251
17201WI01,-89.25914935291736,42.27504824892141
17201R0904,-89.09279427711779,42.30098830572883
17201R0701,-89.10903161080863,42.29211066699135
17201R0703,-89.09164487922874,42.285393438790535
17201R0206,-89.070291676627,42.26594667195168
17201WI02,-89.20557212720439,42.27685363347934
17201R1104,-89.0662466865179,42.24373025625296
17201RT28,-89.12817133312643,42.166678709867675
17201R0602,-89.04861300211802,42.22727747011583
17201R0307,-89.0769904508334,42.286698716534104
17201R0202,-89.07333247245589,42.27140677126141
17201R0304,-89.07184924661377,42.278372020935315
17201R0605,-89.06305868894768,42.233045715133194
17201RT37,-89.1425804829501,42.2182385063279
17201RT04,-89.1571529286362,42.272029216780076
17201RT31,-89.15654799278924,42.240734729484956
17201R0506,-89.13659259717255,42.254619629201756
17201R1202,-89.08002868537186,42.29923547493988
17201R0505,-89.09171033044467,42.2561843210937
17201R1305,-89.11630054493918,42.26819585218759
17201RT20,-89.105021262139,42.22374470531866
17201R1105,-89.07758589944213,42.25218863994543
17201R0601,-89.08339160472994,42.22750057746257
17201R0604,-89.07355613620526,42.23227025075599
17201RT03,-89.15907493010208,42.29261184201328
17201R1101,-89.07895512934621,42.24445389624514
17201RT07,-89.1265827077477,42.2465160630288
17201R0503,-89.10082784531984,42.23092100255884
17201R0501,-89.12280419299641,42.24449965567137
17201R0502,-89.11039477241074,42.2559674903443
17201RT35,-89.11646463691515,42.308963327036146
17201R0907,-89.14427257193103,42.304614887948254
17201R1205,-89.08032497901674,42.311485106443094
17201R1206,-89.09165551270559,42.31288618612644
17201R0905,-89.09159146678098,42.307305394823715
17201R0903,-89.10633200773074,42.31286294224587
17201R0801,-89.05388762399564,42.24082507623593
17201R0606,-89.09575673179539,42.194753326422166
17201R0901,-89.0832144967439,42.29232091883029
17201WI04,-89.20241257901509,42.2327161724244
17201R1403,-89.01767309617594,42.231779493944316
17201PE03,-89.35682549263272,42.298314093720755
17201WI03,-89.25576058079089,42.23245293275222
17201R0902,-89.09210951008292,42.29323236716755
17201SE01,-89.33868741804527,42.24584130801493
17201RT01,-89.13802831506797,42.31898016963632
17201RT27,-89.14610238821436,42.19776036140085
17201R0806,-89.04279452609055,42.23751976558798
17201R0504,-89.1017372282759,42.261285486183695
17201R1402,-89.03106637020846,42.21773111232512
17201RT02,-89.1343786061256,42.29942175381294
17201R1301,-89.1420429244018,42.27582357742119
17201R1304,-89.09829184804784,42.278717884385486
17201R0303,-89.0884528230963,42.26734450156534
17201CV10,-89.01618083386171,42.212338032259815