17089AC610,-88.33303095243899,41.78643460704714
17089AC509,-88.36992420340665,41.77456447815566
17089AC510,-88.3717156499554,41.76887831629594
17089AC305,-88.3077629537379,41.74514256095574
17089AC304,-88.32169001843572,41.739105401045414
17089AT010,-88.28146570402293,41.734392824709005
17089AC703,-88.2936044559946,41.74770231392757
17089AC307,-88.30888298122635,41.736328931530856
17089AC101,-88.28165114922241,41.802936426704946
17089AC206,-88.31027957279613,41.75647884316124
17089AT012,-88.29309269134343,41.72826963583022
17089AC308,-88.31040222106702,41.74070788850273
17089AC701,-88.30494522747419,41.748979957881716
17089AC310,-88.29317073313173,41.73868862758461
17089AT015,-88.36282767103864,41.80263099473716
17089AC1001,-88.26529121247847,41.782980594916644
17089AC709,-88.26787702303092,41.741375131159785
17089AC901,-88.26459890822407,41.72919699481123
17089AC303,-88.27529496755947,41.73468408176851
17089AC412,-88.33047442367933,41.75156263243485
17089AC411,-88.35682492596546,41.75788010875927
17089AC603,-88.34544075030264,41.786357775648604
17089AT014,-88.34325803190953,41.80046848820344
17089AC508,-88.3674505064134,41.7879746554893
17089AC506,-88.35533279762205,41.78439766655629
17089AC507,-88.36254535266345,41.771504023679285
17089AT011,-88.33007228185092,41.72899284301847
17089AT002,-88.36719876861251,41.737375693265484
17089AT001,-88.33532684008506,41.80321704319882
17089AC502,-88.3636333394193,41.75678561855722
17089AC505,-88.35876929645438,41.76576873852823
17089AC501,-88.37178418410655,41.757113305341775
17089AC301,-88.32422679919885,41.74575295131536
17089AC706,-88.29136634230873,41.764018295303416
17089AC705,-88.29544664797972,41.75049246704707
17089AC204,-88.29758678416258,41.755934820229015
17089AC205,-88.29923343721727,41.76292328841079
17089AC302,-88.31501551796768,41.74659627874099
17089AC801,-88.26711609010276,41.73482789632946
17089AC704,-88.27348628807586,41.75321776187825
17089AC708,-88.28104054741682,41.76439315288795
17089AC702,-88.28240763106385,41.758517364218065
17089AC707,-88.29087461492888,41.756983340654635
17089AC607,-88.31672850363388,41.77385937586027
17089AT009,-88.36769728430302,41.74787765325794
17089AT004,-88.353278535919,41.72990083287679
17089AC409,-88.34733609040272,41.77328979681311
17089AC604,-88.34313230784166,41.776013157768425
17089AC504,-88.35246695771848,41.77446555639331
17089AC406,-88.34489588423415,41.76230076734426
17089AC606,-88.32710549502661,41.77032488144948
17089AC202,-88.31520560535635,41.75327662241448
17089AC405,-88.33316995874425,41.76359825726771
17089AC201,-88.32030943720406,41.76218690417368
17089AC404,-88.32615172563833,41.75835332278343
17089AT013,-88.31704525612959,41.801182427318516
17089AC608,-88.33822309207657,41.78771864981899
17089AC609,-88.32242817908796,41.7826034008213
17089AC605,-88.333470976751,41.77561375653544
17089AC408,-88.35150177296141,41.759239111900456
17089AC407,-88.33911222953137,41.76799727245228
17089AC410,-88.34413960849442,41.74492896971635
17089AC402,-88.33614366732934,41.760034539388194
17089AT008,-88.298347097226,41.78879673750262
17089AC107,-88.30430738059518,41.77424694209152
17089AC602,-88.31763699193579,41.768861111577024
17089AC601,-88.31488813005413,41.76459500826421
17089AC104,-88.30204871606954,41.76698882626094
17089AT003,-88.34746342227825,41.743925405967424
17089AC403,-88.33930094407148,41.75456116555217
17089AC401,-88.3477506161762,41.7549130493188
17089AC503,-88.36671677265315,41.77853124401186
17089AC306,-88.31718974912812,41.73509530386397
17089AT005,-88.30925790738549,41.728547726219965
17089AC203,-88.30419471453533,41.7576254617686
17089AC106,-88.29344641361357,41.773698835918836
17089AT006,-88.27276417823109,41.763003340653626
17089AC103,-88.27920772416178,41.776767793669286
17089AC102,-88.28442630543827,41.790261094851004
17089AC105,-88.30621412919953,41.78761088799697
17089AC108,-88.27931958157043,41.78578355464843
17089AT007,-88.27738318397239,41.78973362160972
1704306032,-88.2374826553388,41.7320296370458
1704306036,-88.18128456050728,41.75453637440469
1704306014,-88.18004197430018,41.766938191081685
1704306029,-88.17194552130198,41.7756191884581
1704304070,-88.14167463790866,41.744807802257405
1704306027,-88.16555539621073,41.7818010568624
1704306004,-88.1529226510791,41.77440728934208
1704306002,-88.16181089910117,41.768584961031806
1704303060,-87.96829644960222,41.737890896240906
1704303062,-87.94880518709034,41.73513867400621
1704303099,-87.95724376029203,41.74728430751767
1704303117,-87.96428352316588,41.74247297397561
1704303101,-87.93840651819407,41.72511954432125
1704303024,-87.95902152486497,41.72853706474777
1704303108,-88.02051395676884,41.72722058359515
1704303041,-88.01368251356264,41.70696203238901
1704303095,-87.97695951119483,41.73658580541227
1704303110,-87.98340161765121,41.742315166325255
1703179097,-87.90699372831553,41.73376834414251
1704306052,-88.24923328298094,41.7309752758538
1704306058,-88.24120782487185,41.757411097048816
1704306038,-88.1867846401443,41.736462065228345
1704306050,-88.18851252262347,41.756453003454126
1704306003,-88.21540739825298,41.7509595549142
1704306021,-88.19711769244807,41.76282874815041
1704304024,-88.06388289921273,41.76701598133167
1704304050,-88.05661708924565,41.76971321134072
1704304082,-88.04575681091575,41.77734184680933
1704304027,-88.08578607713075,41.74511953680229
1704303040,-87.92492116157028,41.756882550186056
1704303124,-88.00487557941861,41.72450519247354
1704303089,-87.98699167020965,41.73197891579161
1704303122,-87.98719506853777,41.7390626718511
1704303090,-87.99719289136344,41.741861245257056
1704306018,-88.21012432221464,41.786878168686044
1704306025,-88.22159776794622,41.791519159025
1704306046,-88.24936280759063,41.777621916094496
1704304042,-88.07161353515261,41.76696269348387
1704304051,-88.08137711449298,41.760314616200226
1704304076,-88.09404563385347,41.76096209085892
1704303077,-88.00624010730273,41.74055962405519
1704303005,-88.0016216899296,41.73383681388765
1704304005,-88.05431265315515,41.7916232969487
1704304029,-88.04373010421556,41.78226616685109
1704306043,-88.21468403286865,41.76839448284497
1704306044,-88.22869740457752,41.739212353928
1704306041,-88.1728919596871,41.75301175147634
1704304067,-88.11085505339726,41.7448736631598
1704304069,-88.08993828245653,41.75243241927824
1704304026,-88.03778401048464,41.74612164209083
1704304065,-88.04031088080964,41.73832426547974
1704304049,-88.04080405990857,41.73236343008493
1704304053,-88.03275471580108,41.73985833242567
1704303093,-88.02321717678711,41.732919749230085
1704303114,-88.02318885636085,41.74230095849959
1704304062,-88.04275762840719,41.790368211447976
1704306011,-88.16212505515568,41.774898031543515
1704306033,-88.17157307766425,41.760213189198424
1704304085,-88.10924180852821,41.75743483160005
1704306013,-88.15249627655358,41.75147397982717
1704304045,-88.14325838071808,41.7501068725352
1704304023,-88.13664331169424,41.751406594374046
1704304019,-88.1421676416259,41.75567258141689
1704303091,-87.99745596012527,41.75103032005396
1704306001,-88.15849895308442,41.762783336720965
1704304013,-88.11536054582211,41.749189031619686
1704304012,-88.14308977037766,41.76497675488218
1704303104,-87.99906114786552,41.75643491955872
1704304017,-88.03776888798362,41.77546278395903
1704304054,-88.04595304313973,41.766713076770394
1704304002,-88.04247434834186,41.75542203892282
1704306060,-88.24400012360965,41.74388379962163
1704304034,-88.06870801922926,41.780768246818134
1704304020,-88.0623760293836,41.78255046038249
1704304030,-88.06167856560398,41.77663294144337
1704304041,-88.05303888112282,41.77651582735995
1704303111,-88.0219097205844,41.75431356439851
1704303123,-88.02704740701788,41.76205938308704
1704303088,-88.0204106632795,41.76068333410759
1704306054,-88.21508374594865,41.73970602736402
1704306059,-88.22946838071522,41.750111576703006
1704306057,-88.19423059084389,41.75043070567797
1704306053,-88.19235444752954,41.77480164121802
1704306056,-88.23516034240939,41.76586153030466
1704306051,-88.25321503281155,41.768345740980585
1704306055,-88.25393696677541,41.78710577791745
1704306040,-88.24362532738161,41.72844418689812
1704306034,-88.25797025914551,41.728107865920386
1704306042,-88.15757068673156,41.734656731478445
1704304075,-88.14500703863712,41.731836104460434
1704304071,-88.03546577928381,41.76418354966289
1704303080,-88.02812126771228,41.76934254051626
1704304094,-88.0799838964718,41.766804877350886
1704304093,-88.05166728128094,41.73311971012108
1704306047,-88.21502201343219,41.7287282416305
1704306030,-88.22946680838642,41.728560403950574
1704304066,-88.09163365603148,41.769329758310676
1704304072,-88.10259716786466,41.73091590225247
1704304058,-88.10705313876728,41.738449446605635
1704304090,-88.11254812586222,41.72987864168958
1704304060,-88.08919315813291,41.77731197276372
1704304064,-88.07901730715179,41.779937006645014
1704304015,-88.06462959309286,41.789433869831925
1704303126,-88.02052333384242,41.71587120831185
1704303125,-88.01042524063351,41.74719566087382
1704306048,-88.24495360816805,41.75290369595516
1704306039,-88.25815027530338,41.754321827372856
1704304084,-88.11276271315981,41.735542337587894
1704304057,-88.13719997587278,41.7290328376567
1704304047,-88.12373015967167,41.73024045156887
1704304086,-88.12295873229279,41.73720794561426
1704304010,-88.0672541361056,41.79498971079125
1704306045,-88.25445693059163,41.744808555846
1704306020,-88.2571424888486,41.735765259597514
1704306028,-88.16138502826212,41.75170908087738
1704304079,-88.08359831626143,41.790086690716336
1704303086,-87.95019354958791,41.762831372984856
1704306012,-88.17097045573678,41.768599931794185
1704306037,-88.20088055401659,41.78804183931741
1704304087,-88.14086220008353,41.73797016591303
1704304046,-88.1322408809041,41.73567227753416
1704306006,-88.2110348397001,41.79430325588787
1704306023,-88.23479610088647,41.80693627114366
1704306049,-88.24325504411551,41.79305914164933
1704304048,-88.07590540361248,41.73404122307837
1704304074,-88.05620445932279,41.73772537049413
1704304073,-88.04375936413773,41.7412400016258
1704304039,-88.09648783356651,41.73952067450933
1704304028,-88.05178206674114,41.76536535823991
1704304021,-88.06247474878109,41.746075483482
1704304063,-88.04432741583811,41.76022372279685
1704303068,-87.92546675826053,41.72173050108091
1704303116,-87.92171259313443,41.734292852373194
1704306017,-88.1836823289338,41.78251810194685
1704306024,-88.23805649840058,41.74830255223685
1704306035,-88.24123392698571,41.73934276339547
1704304035,-88.05299467044736,41.74073939108335
1704304033,-88.12894007489967,41.745436560268956
1704306008,-88.15277071687917,41.75904343155588
1704306009,-88.15780548035298,41.745175615665055
1704304036,-88.0619889385083,41.756015539969034
1704304018,-88.04551214654535,41.7469399846762
1704303035,-87.92497421924554,41.74187019166684
1704303081,-87.94194898420939,41.75096776756366
1704303042,-87.94928464983934,41.752019338698055
1704303100,-87.9618946983991,41.74862873662805
17197PL31,-88.22201515595891,41.56054331440249
17197PL44,-88.22327099000442,41.55416142560615
17197PL41,-88.2143481125924,41.553384202860705
17197TR15,-88.21317091934449,41.5250318598011
17197TR18,-88.20871612947201,41.532344226165215
17197TR06,-88.14514649078878,41.525811407007566
17197JO60,-88.06020914450319,41.52802918274366
17197JO08,-88.05140649403175,41.53533105116995
17197JO17,-88.12151612017608,41.54086481235243
17197JO07,-88.11437565605665,41.54105790321151
17197LO25,-88.13073955826212,41.56013965924167
17197DU33,-88.08238042328696,41.72077466812189
17197DU14,-88.0822478574987,41.70984808102134
17197DU12,-88.06034176522631,41.716852314083646
17197JA04,-88.08304687141859,41.449948457501506
17197TR14,-88.16273068736143,41.481358856110276
17197PL40,-88.23584393443316,41.57368647179413
17197PL45,-88.24263612243384,41.55407111833686
17197PL32,-88.24199046167398,41.56128240233587
17197NL25,-88.01568771134939,41.51717777895298
17197TR20,-88.18815192230942,41.5422173243647
17197TR05,-88.2035583188642,41.52513908025332
17197TR10,-88.23238321232152,41.5331410136193
17197NL05,-88.01476982116633,41.539389585974654
17197NL03,-87.97332437275263,41.52171948586723
17197LO12,-88.13320101815391,41.5713031852058
17197TR08,-88.15364260381477,41.54380069136587
17197JO48,-88.07731676206593,41.52085150678103
17197JO37,-88.08110500752397,41.48076875704753
17197DU13,-88.06217453706329,41.721162461379826
17197DU39,-88.07253190243334,41.706253109793046
17197DU25,-88.07583446776017,41.70087512317354
17197PL34,-88.25133171213886,41.56758055418419
17197PL46,-88.24658268285945,41.584173011945566
17197PL36,-88.15349821605571,41.60187397709866
17197PL29,-88.15862307820984,41.61264654253694
17197NL28,-87.95132353941585,41.543767705093245
17197NL27,-87.9959408516439,41.548099860279926
17197TR04,-88.16317170064725,41.532532731672916
17197TR12,-88.15526875490198,41.525090903024314
17197TR16,-88.17368594118128,41.52801350911109
17197NL15,-87.98417426679659,41.51232900661108
17197NL22,-87.97841721402467,41.50321969869823
17197JO50,-88.06852938416549,41.51998408025494
17197NL09,-88.00481294960694,41.49687749975652
17197JO55,-88.03224256488848,41.51782364307189
17197DU09,-88.06575989139505,41.69072958819042
17197DU24,-88.03972779737371,41.71029713640067
17197DU23,-88.05279095702369,41.71058890174201
17197PL30,-88.14902886027068,41.61281182057591
17197PL42,-88.15883021135816,41.61990743792565
17197PL43,-88.14930122340259,41.62007525059918
17197PL28,-88.14905950620378,41.633705672368805
17197TR30,-88.18434840279743,41.46673049562205
17197TR29,-88.15807111993689,41.505125006651014
17197TR24,-88.15491377338834,41.53225430526678
17197TR09,-88.19480447066255,41.5231075037473
17197TR23,-88.171033122156,41.49845094269707
17197NL19,-87.95211629727929,41.529324709355556
17197NL04,-87.96144861117003,41.52665603350677
17197NL02,-87.9707924084135,41.50973850188259
17197JO54,-88.04645646684752,41.51845928709953
17197JO52,-88.05887467800741,41.51955890124681
17197JO47,-88.03621401319047,41.490918262039884
17197JO40,-88.05498728605639,41.481340422378906
17197DU11,-88.06149577529996,41.70975183263282
17197DU07,-88.05254098073172,41.70293226528548
17197DU10,-88.06227151237529,41.70189820008896
17197DU21,-88.05108463658478,41.676417991138806
17197TR26,-88.20922900151818,41.546824391889984
17197TR27,-88.19481769833043,41.54699704550445
17197TR02,-88.17456269188378,41.50858175311678
17197JO42,-88.04271995026164,41.508309294959595
17197JO43,-88.07149556005932,41.51495245095773
17197DU06,-88.05717256148296,41.695332369586446
17197DU08,-88.04048413209404,41.703328157911
17197PL23,-88.2429903946163,41.575023382840364
17197PL17,-88.15920237410376,41.63101999506037
17197JO39,-88.07626516898407,41.49566755493721
17197JO41,-88.07092821959452,41.507873626210504
17197JO35,-88.13648221484604,41.5190423344116
17197JO62,-88.10986172500347,41.482218956289145
17197DU05,-88.09054711229173,41.6579927355371
17197DU46,-88.08086070900671,41.67071912627933
17197WH19,-88.15560747087258,41.67987714763119
17197PL24,-88.2108524893423,41.561574252574474
17197PL15,-88.19541097697764,41.557586411506755
17197JO38,-88.08724283345627,41.51057923266052
17197JO32,-88.10854486798183,41.5057037247004
17197NL16,-87.99599865317553,41.53222561025924
17197NL06,-87.97763532182486,41.53907044755839
17197DU27,-88.12477275446282,41.66741235151843
17197PL14,-88.20418114117209,41.55723034735784
17197PL22,-88.21903344438549,41.57346143737586
17197TR21,-88.17632871465274,41.544870877006986
17197JO36,-88.12891811443096,41.498514733880384
17197JO46,-88.08417730990556,41.51867080141884
17197JO34,-88.09871561785721,41.51234823487872
17197DU44,-88.13357442367304,41.645146755392986
17197LO27,-88.13146095940463,41.63607525260123
17197TR13,-88.1672056607889,41.542923486307
17197PL21,-88.17633538514697,41.5689067227385
17197PL08,-88.21233935029237,41.584302530727136
17197PL10,-88.20998332809755,41.59981930872224
17197LO29,-88.13431104335243,41.62756084190676
17197JO28,-88.10181281818578,41.518689186041605
17197JO33,-88.11054961469016,41.514410279387995
17197JO30,-88.09298717589614,41.519070382551654
17197JO09,-88.09600780154841,41.541526379340304
17197JO22,-88.10515061902277,41.52680959664166
17197DU40,-88.13595511964542,41.67863525147261
17197DU35,-88.12990747090662,41.695218184489825
17197PL09,-88.1709385443827,41.55451803714649
17197PL19,-88.19076297159019,41.57595753706411
17197PL06,-88.17969887337914,41.576649101749474
17197PL04,-88.14680418044162,41.58080745508384
17197PL12,-88.14692896029081,41.55838679395225
17197JO51,-88.10219692536523,41.52322726439929
17197JO27,-88.1096344604721,41.518984952974364
17197JO49,-88.13353582746956,41.526893049681625
17197JO53,-88.1298680700267,41.51606079806089
17197DU32,-88.13926602402175,41.71408798129241
17197DU36,-88.14019309817621,41.72412274356445
17197WH29,-88.20266552119203,41.718555410842086
17197WH22,-88.19832237521199,41.713920889967696
17197WH30,-88.19222825283799,41.722167356267896
17197PL11,-88.17694527922869,41.590313613213986
17197PL07,-88.16674567130943,41.56923012511228
17197PL20,-88.16870895905801,41.57858283987257
17197JO59,-88.11900862716271,41.51677955853105
17197JO25,-88.09071458037398,41.525614151721285
17197JO23,-88.09743690132747,41.52926554760986
17197JO14,-88.1042526220802,41.53407545289063
17197JO19,-88.12003106734534,41.52638346417108
17197DU31,-88.12561996635492,41.71960743315144
17197DU30,-88.11209795667473,41.721587703671084
17197DU34,-88.12241166099834,41.723022146420185
17197WH27,-88.1558775672322,41.69592316974967
17197PL05,-88.1544588714904,41.57293250252667
17197PL03,-88.18260145620937,41.601530889955264
17197PL18,-88.15212468841547,41.626824116238616
17197JO13,-88.11589368690021,41.53304874323607
17197JO20,-88.11230443555243,41.526594550070115
17197TR03,-88.14573030947015,41.53281487901791
17197JO18,-88.08912510080965,41.5316128022727
17197DU41,-88.04234292882217,41.725112159791614
17197DU45,-88.11303476915883,41.70855912151778
17197DU37,-88.1163997822905,41.70131162025226
17197DU42,-88.13701183588304,41.7037836423235
17197DU29,-88.03921918591837,41.718330132131605
17197JO65,-88.03556485237038,41.55098882317054
17197DU50,-88.07298885988247,41.69292318972267
17197DU51,-88.10311072089812,41.70147553619218
17197DU52,-88.10705442557183,41.71792564262372
17197WH34,-88.16288541793048,41.651801360556846
17197WH03,-88.19130596466866,41.71452123596684
17197JO57,-88.0809080659859,41.527568398071445
17197JO15,-88.09640256079759,41.535124460609815
17197JO31,-88.11080466577425,41.53490242741693
17197TR07,-88.1439273449554,41.5438475497424
17197DU47,-88.11800179118325,41.7248290128997
17197DU53,-88.1427225844953,41.69356824686692
17197DU56,-88.13627235584677,41.685831259820276
17197DU49,-88.13016305576504,41.67154433025748
17197TR17,-88.23720976710808,41.54656791508924
17197JO21,-88.0505487535843,41.54804728632354
17197JO12,-88.13551260373335,41.53518813747591
17197JO29,-88.12514145201725,41.5334495510546
17197JO06,-88.13427889490218,41.54104302247356
17197JO45,-88.1274952049742,41.54068414096873
17197JO11,-88.0873846022306,41.537835174205696
17197DU28,-88.1141931291498,41.69440677771171
17197DU18,-88.10136087776212,41.69386075155959
17197DU19,-88.09208512598131,41.69413854512461
17197DU15,-88.07695766336491,41.69492471708031
17197DU55,-88.14056815227539,41.6713378751899
17197DU43,-88.0978837757604,41.68067331659726
17197DU54,-88.09148600302157,41.68611186860893
17197PL37,-88.15480631920066,41.58915404275703
17197PL39,-88.19644073842746,41.586839336132954
17197LO36,-88.13697372132887,41.587284637713424
17197LO35,-88.13474185108167,41.59971431593467
17197LO32,-88.13925823834926,41.61972636427286
17197LO37,-88.13804967078549,41.61266198755609
17197LO31,-88.12827935828184,41.61688927231104
17197JO64,-88.06476669245971,41.53902680330967
17197JO61,-88.0702299855498,41.53406242850462
17197JO56,-88.03459345786618,41.54277757960986
17197JO04,-88.08628011268642,41.54754730465017
17197JO58,-88.07599800780478,41.54216041837653
17197JO05,-88.10213355358592,41.547734737864545
17197DU38,-88.07775771022571,41.687423941247786
17197DU17,-88.09223881652989,41.700828986121
17197DU26,-88.09012367854119,41.70485096162425
17197PL26,-88.15658969721359,41.558299954573044
17197PL33,-88.17121953755536,41.5617881685482
17197PL27,-88.18585325905099,41.558205703618945
17197LO30,-88.13794951583604,41.63358604843559
17197JO24,-88.06218459752604,41.54810810149908
17197NL10,-88.00017593602549,41.51775973819224
17197JO63,-88.0340912472107,41.52627604668755
17197JO03,-88.0956464075908,41.54879964046797
17197JO10,-88.03556804357692,41.53272083698946
17197JO26,-88.1061825918741,41.5410479838363
17197DU16,-88.08472893671612,41.69844472500689
17197DU20,-88.05296134092373,41.72261292896315
1703179062,-87.90104013630112,41.749738311461634
1703179081,-87.91034638894449,41.765811440441
1703179036,-87.90664084903253,41.75497873029889
17093OS18,-88.32403674271826,41.71174115280613
17093OS14,-88.32511868008389,41.71621488391392
17093OS09,-88.32775937376346,41.70821965096221
17093OS08,-88.3349094633406,41.715623138431404
17093OS07,-88.3409991946201,41.718314671569686
17093OS12,-88.34426193493411,41.705035138140495
17093OS05,-88.34582773069656,41.710280345440026
17093AU0902,-88.26585625584934,41.71830082824962
17093OS06,-88.33931548404485,41.711339486327006
17093OS19,-88.3263818336983,41.72124905511413
17093AU0309,-88.27858912595227,41.722465756214106
17093AU0909,-88.26835708025823,41.711097671273
17093OS04,-88.27315024830236,41.705064331868435
17093NA04,-88.26133917121228,41.553252656154086
17093NA03,-88.26126001094214,41.55969929833931
17093NA02,-88.2869184357393,41.57221380411949
17093OS30,-88.28834039714772,41.70411464145715
17093OS29,-88.29933396586598,41.713416509861
17093OS15,-88.36087823435065,41.700680214575726
17093OS01,-88.35958891598845,41.713440213014344
17093OS23,-88.3094688399865,41.71804818332334
17093BR14,-88.39101305065535,41.71128820824419
17093BR12,-88.39995907375749,41.71619992121917
17093BR11,-88.38451450370316,41.71886238528192