1808902820,-87.51900127488985,41.628379406544965
1808902830,-87.51678827886654,41.62165924018465
1808902840,-87.52214458609873,41.618009714715576
1808902850,-87.50682995805,41.622903144430325
1808903000,-87.50496336431809,41.60421789853892
1808903560,-87.46960429654962,41.56356914706669
1808903740,-87.47734944485774,41.547478097364575
1808903750,-87.45432976441005,41.53399867379371
1808903760,-87.45023033358683,41.54058610500824
1808903770,-87.43743389713963,41.542071449075856
1808904190,-87.25199739859765,41.58276772552109
1808904191,-87.25850420672694,41.56890294846944
1808904780,-87.49517133952617,41.54844582240966
1808904790,-87.48324692393913,41.545409115260114
1808904800,-87.48731319067782,41.548704840458505
1808904810,-87.49495530386349,41.54229759114496
1808904670,-87.52210330907798,41.54253331345147
1808904850,-87.48552821359804,41.53844104012812
1808905260,-87.46904205039884,41.42791235125208
1808905270,-87.4727021319679,41.464478406033955
1808900240,-87.34811943915673,41.38947779090112
1808900250,-87.38728816310426,41.374432574753946
1808900260,-87.37882798777657,41.388675104642054
1808900870,-87.46259936483759,41.64640359127408
1808900700,-87.47676369494835,41.641743064670166
1808901480,-87.38685952953526,41.59829007348611
1808901490,-87.40159550614815,41.59854875793567
1808901500,-87.41604197085303,41.625364190803815
1808901510,-87.35149355502445,41.59949727492545
1808901310,-87.3411477456213,41.599936004660115
1808901320,-87.36005645692921,41.598743045342445
1808902200,-87.33124837771969,41.55725590912224
1808902210,-87.33294318925144,41.55297314032431
1808902220,-87.34194115874611,41.551315174769755
1808902230,-87.31259914431831,41.561185618383576
1808902040,-87.40849913033495,41.55535337511065
1808902050,-87.3772754185045,41.555514121132774
1808902060,-87.35374162892411,41.57693155367808
1808902070,-87.34868841401081,41.57813704838215
1808903010,-87.50411444882849,41.601000579227794
1808903020,-87.50253997910974,41.597728624115135
1808903030,-87.51939100795957,41.59734784678698
1808903040,-87.4918656371013,41.598211843987315
1808903050,-87.47057032748553,41.6033321906158
1808903780,-87.44098710217789,41.549994287637205
1808903790,-87.47417272288247,41.54268383597779
1808903800,-87.47581529698806,41.53039833169239
1808903570,-87.46414616235147,41.56193206483422
1808903580,-87.46664391276471,41.552273756182736
1808904200,-87.24694521097683,41.570594315600225
1808904210,-87.25271707332838,41.558694605561094
1808904820,-87.50715536386082,41.5545873724443
1808904830,-87.51391035797666,41.541584056629006
1808904840,-87.50339252676329,41.54399333896902
1808904860,-87.49672375522464,41.536540373528965
1808904870,-87.50454011058153,41.52997384269724
1808904880,-87.5165075062008,41.55692714793326
1808904890,-87.48774364300934,41.52954592619824
1808905300,-87.5076236119464,41.46178632083506
1808905310,-87.50531524310175,41.4542915756454
1808905320,-87.41712979490137,41.49745577453684
1808900270,-87.41528376275778,41.414589406787954
1808900280,-87.32585700578085,41.376927576129276
1808900290,-87.35258222303763,41.44392942541682
1808900380,-87.35816237105922,41.44469114295464
1808900880,-87.45978405552445,41.66749274651987
1808900890,-87.45040535684855,41.64814937766435
1808900900,-87.44909150591045,41.644822377998764
1808900910,-87.45297003999768,41.64285238248513
1808900920,-87.45688277806721,41.64286109982014
1808901330,-87.34460807890113,41.59766136884569
1808901340,-87.34830385279763,41.59938305574208
1808901350,-87.3343431141839,41.60227811493543
1808901360,-87.37374149439573,41.5981796424155
1808902080,-87.34411783261815,41.577059014397776
1808902090,-87.4041315445773,41.56560210329368
1808902240,-87.3488689338452,41.537637353473585
1808902330,-87.35383136014224,41.53685555515119
1808902340,-87.34380140724008,41.53806775771077
1808903060,-87.47283252739466,41.594684869826885
1808902930,-87.52161006057985,41.60878279440483
1808902940,-87.52246127753153,41.60231044044678
1808902950,-87.51612802933386,41.602924050283626
1808902960,-87.51390363107829,41.60913924341572
1808903590,-87.46642741954474,41.53620512094973
1808903600,-87.45917430332645,41.56357326173938
1808903610,-87.45559349291939,41.55613558192935
1808903620,-87.4535386376259,41.55096185645926
1808903630,-87.45738617997681,41.52901691441423
1808904211,-87.24936951386326,41.56379065941752
1808904220,-87.26503628160364,41.56723060429476
1808904221,-87.26657859200546,41.569759831288096
1808904680,-87.52052116062859,41.56651282482978
1808904690,-87.52033496498835,41.557749584430574
1808904700,-87.51553501102431,41.56778477295386
1808904710,-87.50874682296119,41.566029585536796
1808905330,-87.44234736066888,41.46511523496117
1808905350,-87.4057901114385,41.463798748368845
1808905360,-87.4207489517888,41.465316505823985
1808900390,-87.37105291099051,41.444902715386455
1808900400,-87.37396821361195,41.41632613085501
1808900930,-87.44923563526982,41.640100152106996
1808900940,-87.45086362261607,41.63629345997403
1808900950,-87.44483237889212,41.63532224952663
1808900960,-87.44508862926763,41.622350870316
1808900970,-87.4374389256997,41.63440095734002
1808901520,-87.3784517560962,41.567307493795354
1808901600,-87.38710876470645,41.59129643199766
1808901610,-87.39139382462136,41.591367531592
1808901620,-87.40168545591139,41.59157867482443
1808902350,-87.3396133320779,41.53353261799805
1808902360,-87.34344604350632,41.52891595664723
1808902370,-87.3398096121346,41.52527621777482
1808902380,-87.33437810111887,41.53033730564485
1808902390,-87.32952726189536,41.533057205125715
1808902400,-87.32191520189572,41.53759115511194
1808902970,-87.50608310677957,41.609544383602106
1808902980,-87.50353167055465,41.6069771894942
1808902990,-87.5095312895778,41.5979241912074
1808903070,-87.52176872810641,41.59276874766471
1808903150,-87.50823055262236,41.58191142955851
1808903160,-87.50414639195733,41.58472208665157
1808903810,-87.25991187022373,41.524451419402865
1808903900,-87.22774569476871,41.53548985948231
1808903910,-87.23364988458893,41.520274704840816
1808904230,-87.27860662139227,41.56760014953314
1808904240,-87.27169626055463,41.57403113072717
1808904250,-87.28033253821125,41.572157381264695
1808904260,-87.29073331790367,41.568122282657775
1808904720,-87.50256901987574,41.5646080540842
1808904730,-87.49777107847501,41.56484217879498
1808904740,-87.49189185777577,41.56351551844493
1808905370,-87.41353811595766,41.44817699396133
1808905380,-87.48224646283258,41.22066406442542
1808905390,-87.44619615430177,41.19286116206052
1808905400,-87.47986411866157,41.29073101972624
1808900410,-87.3448419843371,41.40062237963018
1808900420,-87.35748774613012,41.399309014067214
1808900710,-87.48348523542904,41.634722256140954
1808900980,-87.43811322362069,41.63839269827044
1808900990,-87.44488635327048,41.64072076288811
1808901000,-87.43529625013699,41.639892174728566
1808901010,-87.43937032704592,41.642338979442215
1808901020,-87.44438441266448,41.64436609845386
1808901630,-87.40844273037128,41.59240228204931
1808901640,-87.40102598129683,41.57531720929542
1808901650,-87.36351263744857,41.58420626877267
1808901660,-87.37072986902278,41.584241623187964
1808901670,-87.38280837532119,41.58426728104374
1808902410,-87.3296201658931,41.539419594729274
1808902420,-87.32177064266004,41.545624231508064
1808902250,-87.33005449974917,41.525423719924056
1808902430,-87.32200887208931,41.55143268397709
1808902440,-87.33400639426945,41.542329155986025
1808903170,-87.51540586940855,41.5774389157936
1808903180,-87.50860814059074,41.57652393249736
1808903190,-87.5025257649476,41.57756671844821
1808903200,-87.50475618803966,41.572290263677196
1808903210,-87.49769785609281,41.5777135323513
1808903220,-87.49169730507352,41.57084853100377
1808903920,-87.27360708503808,41.54076507420175
1808903930,-87.27387030787699,41.534792770776555
1808903940,-87.30206669403319,41.5360285368133
1808903950,-87.27045389204984,41.51818031754713
1808903960,-87.31175369373048,41.51468046333562
1808904261,-87.28553272969879,41.569000090163065
1808904270,-87.28307747710133,41.56311920803517
1808904271,-87.28852398360608,41.56323297046379
1808904340,-87.37391171947165,41.51010947910263
1808904900,-87.2431037537839,41.49118944029582
1808904910,-87.48332606341923,41.52099689781405
1808905410,-87.47349501034914,41.32887153463983
1808905420,-87.43651652893091,41.2901139190034
1808905430,-87.43889457664791,41.30146959394133
1808900430,-87.37795521242221,41.42663135500075
1808900440,-87.35201632874322,41.40458616770709
1808900450,-87.34449683775503,41.44711675130083
1808901030,-87.4371365563754,41.64480924149878
1808901040,-87.4286991531043,41.66789745229956
1808900720,-87.48609815730241,41.62991134198424
1808900730,-87.47908256564531,41.631438033412266
1808901680,-87.3889615386651,41.581528806627006
1808901690,-87.3992533234992,41.58612675050961
1808901530,-87.4130962601053,41.57540994783615
1808901700,-87.42102957322881,41.58906430117317
1808901710,-87.39713765178841,41.59187525615442
1808902450,-87.32951007486885,41.54593653167183
1808902260,-87.32270390064087,41.52931498476807
1808902270,-87.3202424333075,41.525134983022966
1808902280,-87.3383398959809,41.55306306428398
1808902290,-87.35144954738784,41.54373422442169
1808902300,-87.34382671557243,41.544228912806624
1808903080,-87.5150698699241,41.5937167278034
1808903090,-87.51079351211648,41.58913515924303
1808903100,-87.50432932245788,41.59137437556785
1808903110,-87.52278255296856,41.58722754041234
1808903120,-87.51506115583742,41.589188334193686
1808903970,-87.28913193502588,41.533258586130394
1808903980,-87.24616353052384,41.54224548813943
1808903990,-87.25855823434104,41.547357535181526
1808903820,-87.24981190297618,41.511159223378044
1808904430,-87.34094491521495,41.51845351107072
1808904440,-87.329386106229,41.51944348923092
1808904450,-87.27968190870239,41.45057651012189
1808905000,-87.42222486893611,41.48601410748872
1808905010,-87.39957201089014,41.48030771653306
1808905020,-87.39922754321442,41.46880741987113
1808905440,-87.47606430373779,41.68036077260052
1808905450,-87.49390945620968,41.68779076848336
1808905460,-87.49866448214144,41.68056519781468
1808905470,-87.49392903201965,41.67633547500703
1808900460,-87.3431993135841,41.439740941676476
1808900470,-87.31905189881098,41.403998640151556
1808900300,-87.34727925115651,41.42216329090729
1808900480,-87.38030783664642,41.40397319657031
1808900490,-87.37962657062656,41.43835914827118
1808900740,-87.48837977214787,41.62519885783942
1808900750,-87.48380954347583,41.62536511687068
1808900760,-87.48743723022052,41.62142261751831
1808900770,-87.47914238373869,41.61908857267228
1808901130,-87.31251281026545,41.59836665911211
1808901720,-87.38347069091347,41.590622056806396
1808901730,-87.39864410309265,41.58249925422843
1808901740,-87.38971473180031,41.58530173785678
1808901750,-87.39020653292042,41.5761558140996
1808901540,-87.42530194587943,41.573609726898255
1808902310,-87.33997054385894,41.54221030978312
1808902320,-87.33698335708938,41.542080796585324
1808902460,-87.4282470263496,41.54448059047615
1808902550,-87.41614576539527,41.5327021675393
1808902560,-87.41787795618819,41.53986579814741
1808903130,-87.52125267830648,41.58113384490175
1808903140,-87.51530676882412,41.5829799035098
1808903230,-87.49728329150143,41.58531994104848
1808903310,-87.44662663638138,41.57739017387972
1808904000,-87.23304046202455,41.546041978481284
1808904010,-87.23738764222499,41.55612093853427
1808904020,-87.28464230202067,41.52794883258409
1808904460,-87.35772362596545,41.45920525213771
1808904470,-87.35416505248371,41.50529223842818
1808904480,-87.34411011348655,41.49027152410735
1808905030,-87.45366096107833,41.48116131602748
1808905040,-87.46028853382741,41.47155825273639
1808905050,-87.47825713996936,41.49937322751616
1808905480,-87.4842389071339,41.66747892683483
1808905490,-87.24973099663406,41.40936035217656
1808900500,-87.3803214461347,41.432238963414534
1808900510,-87.37665336794718,41.38425029946806
1808900520,-87.34177945915685,41.424222782008556
1808901140,-87.33708989359695,41.62406983159802
1808901150,-87.28640321168294,41.604098249163
1808901160,-87.29488690287555,41.59857596039083
1808901170,-87.29519994232874,41.59224030109703
1808901550,-87.37798036137204,41.584266382169275
1808901560,-87.38773678326996,41.578566078116616
1808901570,-87.36732251710836,41.59264458562157
1808901580,-87.37038665451263,41.590114484698134
1808901590,-87.37859884198461,41.590954358317184
1808902570,-87.41850489570075,41.55904529206872
1808902580,-87.41813366237946,41.544602124803866
1808902590,-87.44487701290662,41.53506964470069
1808902600,-87.42790722970344,41.55783400701588
1808903320,-87.4838637705116,41.57047918975128
1808903330,-87.47484867702109,41.57584760042674
1808903340,-87.47138316967951,41.584732069657264
1808904030,-87.28693365444141,41.547010907653956
1808904040,-87.28955926157285,41.51501331809625
1808904050,-87.29741627402538,41.49573612764753
1808904490,-87.38889513560586,41.479302316746235
1808904500,-87.3821383794429,41.47529674295621
1808904510,-87.35764753019613,41.51831937346035
1808904520,-87.32540296808521,41.513216969283086
1808905060,-87.47264826391935,41.51612591731963
1808905070,-87.3983611377532,41.45791083138451
1808905080,-87.41605936609506,41.475977084978574
1808905500,-87.233675326825,41.4064046096603
1808905510,-87.23207328154393,41.409886856242586
1808900530,-87.3458275703029,41.44384175255695
1808900531,-87.3949942136902,41.43708742150024
1808900532,-87.39051936146183,41.40222616221257
1808900533,-87.35954154510267,41.3802879101148
1808900310,-87.3587671164463,41.42461749327981
1808901180,-87.2902084418702,41.58930111110922
1808901190,-87.28295880843424,41.59225371188536
1808901200,-87.27562931401228,41.59243424451302
1808901210,-87.2714867276927,41.59117041077295
1808901760,-87.34792502319928,41.5872807036153
1808901830,-87.34845611593477,41.5825660126415
1808901840,-87.33381446101853,41.58222442292126
1808901850,-87.33276138521276,41.58609314094558
1808901860,-87.33028084532235,41.580808399379286
1808902610,-87.44503375273752,41.528731573500096
1808902620,-87.40330069999976,41.51508455681675
1808902621,-87.40502583676724,41.50429931519338
1808902470,-87.41647371974933,41.54996817594756
1808903350,-87.46405464415317,41.575632651865384
1808903360,-87.45598188693859,41.57755340668499
1808903370,-87.4479423857904,41.57121401145256
1808903380,-87.4906975374163,41.585942185805415
1808904060,-87.26684524926712,41.48431951606583
1808904070,-87.25440041956787,41.523578356273774
1808904080,-87.23198480578095,41.50089977910681
1808904350,-87.36862695137457,41.47809649214723
1808904530,-87.37748290789416,41.481004749577664
1808904540,-87.37986595486898,41.49688380635053
1808904550,-87.35749200477547,41.48958292497937
1808905090,-87.43788073913805,41.47657250649843
1808904920,-87.48607581890518,41.48386464454034
1808905100,-87.40365330085608,41.44726872348891
1808905110,-87.44513300270576,41.49867821617863
1808905520,-87.223155225628,41.40373904620072
1808905530,-87.2289487068477,41.40272818359059
1808905540,-87.23009666909705,41.41287674035355
1808900320,-87.35719422721509,41.41016516403463
1808900330,-87.36617602932127,41.4283535777098
1808900340,-87.37003532627273,41.40972301538566
1808900350,-87.36007515995513,41.41554027545454
1808901220,-87.2740427955425,41.59712931613152
1808901050,-87.3297295566771,41.59713939539928
1808901230,-87.2643030727074,41.602633643324715
1808901240,-87.26668457879889,41.61469434831637
1808901870,-87.3164153014498,41.591090488152005
1808901880,-87.32455565881122,41.58425140873148
1808901890,-87.32658805689962,41.577880325876784
1808901900,-87.32092513059749,41.58237910812078
1808901910,-87.32283792093381,41.57608633881796
1808902480,-87.42493394734045,41.538725770941745
1808902490,-87.42290413396931,41.53174242825769
1808902500,-87.41795910423137,41.52544212365323
1808902510,-87.42801190684213,41.52601924481015
1808903240,-87.48942133540895,41.589322740628404
1808903250,-87.47859003255085,41.58773105414695
1808903260,-87.47086529825273,41.59016977882363
1808903270,-87.46427463629435,41.58692302208453
1808903280,-87.48385867217532,41.58368378967579
1808904090,-87.2984957058843,41.47563628601007
1808903830,-87.24620687080369,41.52061297007544
1808903840,-87.23980018183569,41.537115321485004
1808903850,-87.25444709885082,41.542460311741685
1808904560,-87.22927399981751,41.45895015862132
1808904570,-87.37699161173836,41.51712193239476
1808904581,-87.33841666071984,41.47898488348702
1808905120,-87.39691397321512,41.4865455448026
1808905130,-87.45461180080774,41.47559050902004
1808905140,-87.4097255204024,41.474508062211434
1808905150,-87.40853574702491,41.46797851677256
1808905160,-87.48064156108325,41.480251952220975
1808905550,-87.25167599312607,41.36283815866784
1808905560,-87.28157377855324,41.41036135549347
1808900221,-87.44674635823151,41.3431800743487
1808900040,-87.37986086735116,41.54261545487558
1808900050,-87.39277723535704,41.52722193924942
1808900360,-87.3621842041981,41.4019342111997
1808900370,-87.36523477155633,41.39322207836994
1808900540,-87.52164716209151,41.51834265368817
1808900630,-87.50589885321205,41.504552322788506
1808901250,-87.25686888599199,41.61506657084361
1808901260,-87.25429199033225,41.609662812191104
1808901270,-87.24891094387225,41.625044945665174
1808901920,-87.31149860217386,41.576355548638396
1808901770,-87.34165145243263,41.58941790680532
1808901930,-87.3153232975108,41.582438766860975
1808902520,-87.43239944476838,41.515245303009735
1808902530,-87.43560168610604,41.52627661065429
1808902540,-87.43302456207822,41.53383144876926
1808902630,-87.51139254212727,41.701063232541124
1808903290,-87.49128983316844,41.58049131869221
1808903300,-87.48925158890826,41.575795956789726
1808903390,-87.44807274902084,41.606115104842125
1808903860,-87.25921588136853,41.53418115543921
1808903870,-87.26664380269632,41.53722711609836
1808903880,-87.2733743496162,41.54763384191416
1808904580,-87.33862926117561,41.494140604858714
1808904590,-87.38262935540276,41.48226803040959
1808904600,-87.35292095530782,41.51099845953759
1808904610,-87.35489891237505,41.49850057494207
1808905170,-87.48407735543458,41.51360983283845
1808905180,-87.40702441442575,41.49568133178751
1808905181,-87.46183503110767,41.466157427226165
1808904930,-87.47365262036807,41.48290913478841
1808905183,-87.45186861963911,41.467955205948286
1808900070,-87.410541885339,41.32327224341753
1808900224,-87.40430576762903,41.37332289659167
1808905340,-87.4210747478621,41.45540511039556
1808900155,-87.42617464012575,41.34457559873923
1808900060,-87.3536112126231,41.52852167271278
1808900010,-87.36518037409714,41.54623169749783
1808900020,-87.37055453696253,41.5311176655109
1808900640,-87.52107638041143,41.504521006756214
1808900650,-87.50645228091392,41.48909607230703
1808900660,-87.52188020397328,41.51110633468619
1808900670,-87.52216682773266,41.484340073725576
1808901280,-87.24409481854705,41.616152737024045
1808901060,-87.22782724705742,41.60328699422089
1808901070,-87.32729047549427,41.60084348251726
1808901940,-87.29689689316261,41.58374761277394
1808901950,-87.30328084337646,41.577770383573196
1808901960,-87.35902494024631,41.59134137392734
1808901970,-87.34794271950005,41.59157142190073
1808902720,-87.5024423042864,41.6482137670653
1808902730,-87.5159586744735,41.64201738726491
1808902740,-87.51925401409277,41.65144514633338
1808902750,-87.51964015266846,41.637061430646895
1808902760,-87.51296997171966,41.63746053088676
1808903480,-87.45678407862943,41.58467524608916
1808903490,-87.43718122866208,41.58241102861268
1808903500,-87.4469365840961,41.58449356734956
1808903510,-87.43793905952991,41.57413139374309
1808903520,-87.44855520498916,41.59378608504086
1808903890,-87.31023113086519,41.54800138859495
1808904100,-87.26735196346523,41.56152419174555
1808904110,-87.2715230247166,41.554247471620826
1808904360,-87.37979791862395,41.46118087764669
1808904620,-87.37621911989962,41.473941991734065
1808904630,-87.37300627695328,41.48172721522474
1808904940,-87.46838995305448,41.48119328911497
1808904950,-87.46255373578575,41.4851358789527
1808904960,-87.43904068220914,41.488244311496686
1808904970,-87.45908354524884,41.50710068535122
1808900030,-87.40294793334813,41.53808524582431
1808900080,-87.4096186370932,41.30376019406568
1808900090,-87.41134635371118,41.28568042561877
1808900550,-87.50683580950661,41.496153453768905
1808900560,-87.5188697624989,41.472983354082025
1808900570,-87.5146551498916,41.51800329000803
1808901080,-87.22888469042324,41.61662120580717
1808901090,-87.24348514701448,41.60132552753348
1808901980,-87.3523992306624,41.59254732586428
1808901990,-87.35870031119876,41.58420586221667
1808902000,-87.36099069255593,41.57694749674277
1808902010,-87.28905634009685,41.57571727862861
1808902770,-87.52057377416885,41.633851303955886
1808902780,-87.51208517616803,41.633101352860955
1808902640,-87.50676330768736,41.68193425941733
1808902650,-87.51020027040578,41.68590393305618
1808902660,-87.50275298358949,41.68252113518661
1808902670,-87.50650106182907,41.67525918371301
1808902680,-87.50224106960115,41.67822795558172
1808903400,-87.45436735596603,41.59809798092364
1808903410,-87.44703107473862,41.597089708050525
1808903420,-87.43763188438973,41.5971510959699
1808903430,-87.4567794421193,41.59375578274865
1808903440,-87.4488732552081,41.590058202590505
1808903450,-87.43906648115143,41.593557622897066
1808904120,-87.27609752714159,41.558655632699654
1808904130,-87.25847825623744,41.55786695532749
1808904140,-87.3148939875783,41.553326240901264
1808904150,-87.34989640764498,41.704642022226764
1808904640,-87.32543585069091,41.465466067236115
1808904650,-87.34405910873987,41.46111603856888
1808904980,-87.43550591576938,41.4979245779531
1808904990,-87.44972419120727,41.4881197800956
1808905190,-87.48413504961745,41.45504847569327
1808900100,-87.37827339878088,41.20953709589047
1808900110,-87.4256090046798,41.29689753716734
1808900120,-87.39900125916735,41.29424747669896
1808900130,-87.38262333942379,41.2753333092461
1808900140,-87.39886398916389,41.283233722243565
1808900580,-87.51228472605455,41.513521507034746
1808900590,-87.51479807094059,41.48832951646579
1808900600,-87.49622637985595,41.48558914573986
1808901100,-87.22934751920211,41.62051674568442
1808901110,-87.2408628084078,41.61204546914658
1808901120,-87.32330938735775,41.5967384452785
1808901780,-87.38031237572524,41.57701747160043
1808901790,-87.35428820095369,41.58732536925457
1808901800,-87.33819618269766,41.5907812911866
1808901810,-87.37072144286248,41.57509003492899
1808901820,-87.33311776343065,41.591425477117475
1808902690,-87.51759153099935,41.67792790343473
1808902700,-87.4968395079617,41.674069901244046
1808902710,-87.49956718998152,41.66520967361858
1808902860,-87.50074199997675,41.62483152461632
1808903460,-87.45676671555272,41.590135609628035
1808903470,-87.43935538254587,41.589962791258664
1808903530,-87.46565500892957,41.38970062027679
1808903540,-87.50764900961198,41.39114781616777
1808903550,-87.47610625020421,41.5587835925816
1808903640,-87.44946098358697,41.56301931770009
1808904160,-87.22547552744473,41.56969648112838
1808904280,-87.29465850510704,41.55916798738839
1808904290,-87.29825379515948,41.552992546936785
1808904370,-87.35286785242609,41.47839297366203
1808904380,-87.33045739807382,41.47695503039522
1808904390,-87.32599559711215,41.49232364806725
1808905280,-87.4737852542321,41.43872114449709
1808905290,-87.50380666590266,41.445188846675876
1808905291,-87.4408593024512,41.42770408358611
1808905292,-87.43002541355902,41.4337835581463
1808900150,-87.37284133461894,41.33336837468001
1808900160,-87.42152493219884,41.38467963762171
1808900170,-87.44128549885204,41.38491551370419
1808900180,-87.46477177417378,41.38288343171797
1808900610,-87.50981108314579,41.481956019992225
1808900620,-87.49964977410207,41.51511404339563
1808900680,-87.2838075397722,41.28207554893887
1808900690,-87.48630735721581,41.64057134484101
1808901290,-87.34461504563959,41.60584592837946
1808901370,-87.41701666961232,41.60003550630021
1808901380,-87.36934219769758,41.59758083834191
1808901390,-87.36483151890471,41.60057002978727
1808902020,-87.35240436346005,41.55823648304008
1808902100,-87.34920004305688,41.5740742517265
1808902110,-87.35127342182109,41.56914916157732
1808902120,-87.34425914352099,41.57067904534261
1808902130,-87.339468505758,41.57721098342455
1808902870,-87.49447721939673,41.62132991793451
1808902880,-87.49521230078432,41.6141778210174
1808902890,-87.50268023353044,41.61641484880508
1808902900,-87.5042217887109,41.61276534659605
1808902910,-87.51352275870036,41.6159246740852
1808903650,-87.4472289208966,41.55697221117603
1808903660,-87.43834949187467,41.55563659770016
1808903670,-87.44800994407072,41.54590541461087
1808903680,-87.44572749351805,41.541197296649415
1808903690,-87.45442281549761,41.54047348742374
1808904300,-87.2650446105865,41.55612803415911
1808904310,-87.23442727981822,41.57013677128775
1808904311,-87.23030621631796,41.56972339640225
1808904312,-87.23842869656308,41.56753605514733
1808904400,-87.33234621515099,41.50512354872205
1808904410,-87.34642465108004,41.49494938107173
1808904420,-87.35032132311534,41.51850200108454
1808905200,-87.46910347199297,41.443387837775106
1808905210,-87.45065248604702,41.45128327535049
1808905220,-87.48343027200607,41.44229919022155
1808900190,-87.42028943986455,41.3702825105297
1808900200,-87.44623999383482,41.3703765761436
1808900210,-87.42110955945714,41.35535250536482
1808900780,-87.4757361080531,41.61335000023486
1808900790,-87.48689112765034,41.61186186127532
1808900800,-87.47435097162736,41.62934754310456
1808900810,-87.46591730165511,41.63263441457733
1808901400,-87.36988579087792,41.60174286344171
1808901410,-87.35511141708888,41.59862528638174
1808901420,-87.35306143436668,41.60504002398586
1808901430,-87.35882640634253,41.60460937014662
1808901440,-87.36278735816141,41.6055544678587
1808902140,-87.34558159862814,41.55134977350696
1808902150,-87.3407497397983,41.56630455794072
1808902160,-87.33117972568117,41.57604330127691
1808902170,-87.33510355618392,41.575863716107996
1808902920,-87.5095467172194,41.618929255602325
1808902790,-87.4983442751656,41.62940560128802
1808902800,-87.50147383526482,41.63441593916304
1808902810,-87.48886915757338,41.60677452241999
1808903700,-87.44302850054349,41.565111521307266
1808903710,-87.45434728530087,41.56264850413193
1808903720,-87.4786265073838,41.53966650454638
1808903730,-87.45880289015516,41.54493793767051
1808904320,-87.22614507325558,41.57698069384718
1808904321,-87.23532913466754,41.57593946648403
1808904330,-87.26871072795872,41.585600234167906
1808904170,-87.22435302503528,41.56332819076978
1808904180,-87.2317009144967,41.58596574337782
1808904660,-87.52237809054137,41.57414116103909
1808904750,-87.48393143324071,41.5627913760418
1808904760,-87.49650636858367,41.55549869610113
1808904770,-87.48607589608436,41.55570281390544
1808905230,-87.49552361408267,41.42854126340433
1808905240,-87.49988362298117,41.46207365124899
1808905250,-87.4380398627375,41.44213985263209
1808900220,-87.44226977007887,41.35502358601966
1808900223,-87.40576685017656,41.34492987482559
1808900230,-87.383249530117,41.42665564155173
1808900820,-87.46638797502689,41.619129406119505
1808900830,-87.46361972510783,41.6241413942753
1808900840,-87.45980688961883,41.62388822382584
1808900850,-87.45871633418963,41.62747567231821
1808900860,-87.45711054624414,41.634568997346115
1808901450,-87.3641186830503,41.609449711815444
1808901460,-87.38084587889844,41.60605271698426
1808901300,-87.33847019059353,41.601833760258515
1808901470,-87.37988826060918,41.615446305887616
1808902180,-87.33086567377754,41.569064269449505
1808902190,-87.31551205634565,41.56552155125089
1808902030,-87.34649684087405,41.55512295500642
1809100540,-86.91725801124461,41.71220457401953
1809100550,-86.91684280017088,41.70083391488331
1809100010,-86.87245871260045,41.3903906447683
1809100560,-86.91837636373735,41.69029518498045
1809100570,-86.88031523958377,41.68089315921293
1809100060,-86.87245077890162,41.47594797987194
1809100070,-86.83419822813065,41.634479788545214
1809100130,-86.87629654901369,41.302940555181166
1809100080,-86.89600657773104,41.62621394371776
1809100090,-86.82677972295922,41.67036360602085
1809100100,-86.88732734377696,41.661429595536475
1809100630,-86.87296266173091,41.7039386748395
1809100640,-86.88345152667121,41.697247906705975
1809100680,-86.86602603461488,41.709879083978386
1809100670,-86.86800402978164,41.69288795200751
1809100690,-86.87108077617629,41.56521642163759
1809100110,-86.84093120631086,41.68565259402934
1809100120,-86.85501217804982,41.691022593384574
1809100170,-86.89738358961729,41.74431216021655
1809100510,-86.8969360403544,41.70884100084244
1809100520,-86.890225620523,41.70331002024715
1809100580,-86.90298675036024,41.67375373787975
1809100590,-86.89046094515895,41.69129343819049
1809100600,-86.90215462767954,41.68694818079197
1809100610,-86.87708791065326,41.71390196348917
1809100620,-86.88181631637737,41.705701235756756
1809100650,-86.84140957794892,41.73699697116519
1809100660,-86.83443479638451,41.717202446167065
1809100700,-86.90525238941471,41.537382263904675
1809100780,-86.79865777593645,41.731420269924925
1809100760,-86.76851138084048,41.7037210998654
1809100770,-86.7346246917299,41.723507726696276
1809100500,-86.89873590917468,41.6975236119862
1809100430,-86.85237402749961,41.74312931654145
1809100440,-86.82443508718475,41.75619273195361
1809100450,-86.86017435724197,41.700057919529684
1809100460,-86.85772914697444,41.70974920952632
1809100470,-86.88380003665756,41.72773053789541
1809100480,-86.89865971584467,41.715847250904815
1809100490,-86.88177687516408,41.71721555946295
1809100530,-86.89903195640106,41.70348990447365
1812701020,-87.13883412847846,41.50094218259433
1812701010,-87.21483475498788,41.40643717670482
1812700130,-87.05722880360989,41.48135262468355
1812700120,-87.0783839289272,41.46515236380302
1812700110,-87.07166933849689,41.4746574608526
1812700100,-87.06350163911524,41.48437420035123
1812700030,-87.20943976680529,41.33733141305089
1812700020,-87.1519301148997,41.29795593601419
1812701220,-87.02132756285084,41.623216661223694
1812701230,-87.07442268324921,41.59986875678718
1812701000,-87.20977282827775,41.40849249584572
1812700960,-87.14211096178062,41.42315547509848
1812700980,-87.14130796182673,41.36699856728846
1812700090,-87.04390312077015,41.47224433965848
1812700080,-87.05301781384323,41.46478756241101
1812700050,-87.19066852726084,41.33296470798381
1812701240,-87.12269846990657,41.60908531319527
1812701250,-87.0625957375784,41.60851774683931
1812700990,-87.12602176913185,41.401952150490715
1812700940,-87.16031990519946,41.58235283654543
1812700950,-87.16645903963486,41.54628783102148
1812700510,-87.04817718804654,41.56584768974793
1812700500,-87.09513695323203,41.535635625101975
1812701260,-87.05900643837079,41.63327127552944
1812701270,-87.03257095134893,41.60408334560592
1812700930,-87.19024880893357,41.544368614893386
1812700920,-87.15765842702912,41.56608867488365
1812700870,-87.17588251185255,41.58132936834246
1812700900,-87.15451667106214,41.529811200842786
1812700480,-87.08689208090655,41.55929415492181
1812700470,-87.09883342444334,41.576756026762574
1812700460,-87.09882243593832,41.708134978925436
1812701280,-87.06237788746222,41.60121089320473
1812701290,-87.09728711606932,41.61090771907639
1812701300,-87.13715947386764,41.595853977850815
1812700890,-87.21022700367524,41.566763043590136
1812700880,-87.13376170351616,41.53894384494133
1812700810,-87.19343157441084,41.56315395304735
1812700860,-87.14778365307541,41.52458834965472
1812700260,-87.05257891444707,41.50371379451446
1812700250,-87.05053410055024,41.51519904252411
1812700850,-87.13854491692787,41.586480910775876
1812700840,-87.20463872222284,41.583733663942006
1812700830,-87.1807348051815,41.57069963995378
1812700430,-87.00692672320618,41.559936785380884
1812700400,-87.04201357757154,41.50622099645554
1812700820,-87.17548886774304,41.56304462290644
1812700640,-87.1582701670061,41.618354204204394
1812700800,-87.16471277682554,41.59536578426161
1812700650,-87.21471106458945,41.55814817975388
1812700790,-87.16229576166725,41.5896790160124
1812700390,-87.03157674600804,41.51078823065489
1812700380,-87.0707794804126,41.49627966078324
1812700370,-87.07297433810974,41.45501811303347
1812700780,-87.2087113572899,41.54496713549139
1812700770,-87.14138442959843,41.55620320960467
1812700760,-87.18150731346603,41.55417620676866
1812700360,-87.08048441494482,41.44537935685291
1812700350,-87.03491187398494,41.499656873799815
1812700340,-87.07740152327001,41.48777478420599
1812700750,-87.20710067602919,41.556470032524054
1812700740,-87.127278094758,41.543183878112046
1812700730,-87.13456453899191,41.529888494766965
1812700330,-87.0407486297376,41.47881636695287
1812700320,-87.03979023356389,41.489511538618856
1812700310,-87.04985465542602,41.49653984970978
1812701200,-87.08162355160043,41.633983636973596
1812701210,-87.05164781996217,41.620809601128954
1812701190,-87.11519395141802,41.63809303235439
1812700720,-87.14764048866688,41.57557528910224
1812700710,-87.18156005938576,41.59251326255304
1812700700,-87.21422214589138,41.58374771539461
1812700300,-87.06366665743074,41.49857528074032
1812700290,-87.09228688165392,41.44603945612891
1812701180,-87.07971268990408,41.612404354335865
1812701140,-87.04789846359827,41.605153726857154
1812700680,-87.14047000686375,41.546380738128875
1812700690,-87.13411902986856,41.54606958826961
1812700670,-87.1734011529218,41.57140510683732
1812700660,-87.19882409372637,41.60907671231586
1812700630,-87.19076732832627,41.58302699181518
1812700270,-87.03219043056829,41.47513970485683
1812700230,-87.1063878235136,41.476202186948875
1812701170,-87.0736907757301,41.60910366812759
1812701160,-87.05482741322939,41.597870496808994
1812701150,-87.03640898326255,41.6558350307233
1812701080,-86.97025314084344,41.48865482032245
1812701070,-87.14273849527795,41.515622800242795
1812700620,-87.19602023330249,41.62220829273237
1812700580,-87.04202157367232,41.310806884144256
1812700570,-87.05654614280706,41.300591874792275
1812700560,-86.97692947602349,41.28866358684519
1812700550,-86.98642143785911,41.66178643343449
1812700520,-86.9834635357598,41.38490379413847
1812700610,-87.21377842845386,41.57177459151039
1812700220,-87.10297446225097,41.50035204474402
1812700210,-87.0377026925082,41.46030240865469
1812701060,-87.15714332957755,41.4650979235294
1812700970,-87.19756098679193,41.409574943383944
1812700600,-87.19504024128076,41.570685606314
1812700590,-87.19202612204617,41.53095697499226
1812700540,-86.95668533361115,41.64001398408258
1812700200,-87.05115462253602,41.445552844484126
1812700190,-87.05465846246433,41.48907980757023
1812700910,-87.18813984414156,41.62414947209344
1812701120,-87.0101444544083,41.4971257986997
1812700530,-87.04696860010094,41.40894945941683
1812700490,-87.04364275210735,41.53108478322062
1812700180,-87.06197691106073,41.50716878807279
1812700170,-87.03221419866424,41.48689908647745
1812700160,-87.07040320171333,41.482492567652514
1812701100,-86.97611338923409,41.44820754368055
1812701050,-87.17989717962644,41.49356968732795
1812700450,-86.96313450408402,41.58058380949082
1812700440,-86.95841982261926,41.54126268769148
1812700010,-87.12338480988794,41.332839954077386
1812700060,-87.05187818013671,41.47086242970239
1812701040,-87.14051311011467,41.45800262763179
1812701030,-87.18108954171007,41.4500243252805
1812700280,-87.11077022365848,41.45020597453736
1812700150,-87.08315072248386,41.51148333372578
1812700140,-87.0474988270207,41.4819591268786
1812700040,-87.21002873736921,41.28912703503741
1812700070,-87.06177559629683,41.47319000482257
1812701310,-87.09222122928318,41.597114762653675