19071071014,-95.65469187909486,40.605913495903366
19071071013,-95.6974146719386,40.641283739410724
19071071012,-95.81670617577134,40.73573282829793
19071071011,-95.67653835760213,40.74789799341824
19071071010,-95.54694227668016,40.77179409439901
19071071009,-95.54480564008932,40.69229673857577
19071071008,-95.48068507112276,40.72000682297854
19071071007,-95.42804115138692,40.70587973795422
19071071006,-95.44876193631316,40.78301303587546
19071071005,-95.44196926134896,40.858184920950244
19071071004,-95.55669409130888,40.858364254647
19071071003,-95.67379617554968,40.89440099329248
19071071002,-95.67088621071208,40.85686068311991
19071071001,-95.7762129588042,40.84316703345983
19071071016,-95.43112668339779,40.61871625445935
19071071015,-95.56121012707922,40.61925620350314
19155155001,-95.90962700382835,41.47011158020161
19173173006,-94.53058724573559,40.76785742006723
19173173007,-94.48408914786663,40.80358105472655
19173173014,-94.71243565292092,40.66741972724568
19175175013,-94.18560841653516,40.940934160785936
19175175012,-94.26403620534018,40.901021038345675
19049049017,-93.95446851494258,41.55153762960916
19049049015,-93.98429233219512,41.68678534839662
19049049004,-93.86931708199536,41.81847894573211
19175175011,-94.29988131938218,40.94196137178456
19049049008,-93.9891198124514,41.73489251805175
19049049007,-93.82687716158424,41.764423023020534
19175175010,-94.41380307195857,40.942302300246524
19175175009,-94.417840545714,41.02564306083214
19175175008,-94.36503884166918,41.05972983757305
19049049014,-93.98653157569302,41.64446103146482
19049049013,-94.10582065432816,41.644497757212534
19049049012,-94.26988508168908,41.64264181055817
19049049003,-93.9894969860056,41.82005033631192
19049049002,-94.10611512941807,41.81997017839162
19049049001,-94.2223127078503,41.81988507551865
19049049029,-94.21101000161472,41.517905343206465
19049049030,-93.8537040327763,41.53252458579865
19175175007,-94.29740149560055,41.026395159326576
19175175006,-94.18563820298908,41.02729684192197
19049049011,-94.22098166187493,41.64471547761981
19049049010,-94.22233845796458,41.732508103146536
19049049009,-94.10593411861224,41.73255352911332
19175175005,-94.071682437502,41.02698691001422
19175175004,-94.07130994645574,41.1134770615978
19049049006,-93.87534323943157,41.732240129218326
19049049005,-93.92241943443815,41.84186929865208
19175175003,-94.18498208931511,41.11362682802808
19175175002,-94.29931113704143,41.11426983462469
19175175001,-94.41451067172785,41.1151030148489
19173173008,-94.6430555612525,40.769872730181724
19173173009,-94.75746029513019,40.770070319440414
19173173010,-94.87118415800174,40.7709179136632
19173173011,-94.9004947760229,40.7323632918927
19049049028,-94.18258915259756,41.55425890001987
19049049027,-94.00986289993473,41.5361786041507
19173173012,-94.8569806929642,40.68816054172416
19173173015,-94.72403667550797,40.67115038051828
19049049026,-94.07072462143043,41.552024892569506
19049049025,-93.81532925097746,41.54674756708049
19173173016,-94.63669507873531,40.68350314691345
19049049024,-93.81436081385364,41.57079564634422
19049049023,-93.81749351124087,41.59132090318884
19049049022,-93.87089566524733,41.598994067794955
19173173013,-94.75295681884003,40.693408206436374
19173173018,-94.5297926899958,40.60499947733182
19173173019,-94.47792807027825,40.616817529843814
19173173020,-94.63690756985523,40.605795901827335
19173173021,-94.74458073175104,40.61033283769303
19049049021,-94.02575239027598,41.61144241247942
19049049020,-93.84593481697709,41.626386861901345
19049049019,-93.83833102376612,41.64713723301821
19173173017,-94.52853152743013,40.6829496976962
19173173022,-94.857941943075,40.61173107901691
19175175014,-94.07182820177594,40.94055419269201
19049049018,-93.8937514337939,41.65366387210343
19049049016,-93.83018991274272,41.68737603343254
19173173001,-94.87172099356195,40.857072414318
19173173002,-94.75754106368255,40.856815820425716
19173173003,-94.64306656970938,40.85631075809878
19173173004,-94.52691899251512,40.85457998940376
19173173005,-94.55876948194711,40.88188319109803
19077077022,-94.64333253482668,41.55391309543775
19077077021,-94.52128160087939,41.50917112869483
19077077020,-94.53027460245583,41.55164050327611
19077077019,-94.41993495356603,41.55583052718078
19077077018,-94.3164359848988,41.508578896371176
19077077017,-94.3185203349523,41.522987449808646
19077077016,-94.28942948054775,41.54866598524898
19077077015,-94.33532079950774,41.61109929272698
19077077014,-94.49920988721234,41.67831091773357
19077077013,-94.4554681426128,41.64498311071567
19077077012,-94.57052023213434,41.64489814504108
19077077011,-94.68609166568723,41.645337819384466
19077077010,-94.68624480121524,41.732603382961635
19077077009,-94.57038025552117,41.732432775823774
19077077008,-94.45445420318967,41.732567908777526
19077077007,-94.35721160261808,41.775371759075554
19077077006,-94.3350823367007,41.71132798464746
19077077005,-94.33852134278212,41.81998928906206
19077077004,-94.45476586561205,41.82005911476909
19077077003,-94.57060874864116,41.81989183480729
19077077002,-94.6756566638682,41.86134027258773
19077077001,-94.6863018307616,41.8196253675024
19077077023,-94.6432841971509,41.50756804864359
19153153094,-93.70172631984717,41.62397898501348
19153153093,-93.69218168578062,41.631877461037675
19153153092,-93.68820589182481,41.64083654666174
19153153091,-93.68006748407724,41.63307591284703
19153153090,-93.66100930896658,41.64054414024502
19153153089,-93.66684171367035,41.63254579203328
19153153025,-93.79084148711624,41.67642454054565
19153153024,-93.80949724973321,41.7518080258127
19153153020,-93.6114948196669,41.71042551286279
19153153088,-93.65266335030299,41.63273746131515
19153153086,-93.62785295743903,41.63234657140431
19153153085,-93.61826572363142,41.6329070434394
19153153084,-93.60524898632194,41.63248372470174
19153153083,-93.58943117887411,41.6278501337072
19153153080,-93.76833627064242,41.56652723344278
19153153019,-93.64900607990185,41.73194574086333
19153153018,-93.57739031634627,41.69206246517094
19153153079,-93.78394764427203,41.566849736437334
19153153073,-93.7838439843873,41.57953156658543
19153153082,-93.56935081895047,41.63067488773427
19153153081,-93.54470958293562,41.63405037563638
19153153015,-93.65075134688557,41.745063265127875
19153153014,-93.62129766398586,41.758831674236
19153153008,-93.51569279896893,41.73463108706695
19153153165,-93.63531090617361,41.55182848543151
19153153164,-93.62091846750933,41.553195399534225
19153153163,-93.62047956126257,41.56264239700252
19153153159,-93.58895732699187,41.56348861375125
19153153158,-93.60176257373384,41.56949519822028
19153153157,-93.61424672098484,41.57351237492389
19153153078,-93.76988957368397,41.546712528626216
19153153077,-93.74655948380524,41.56038013377644
19153153076,-93.74153154523634,41.57448596513901
19153153022,-93.72904407947412,41.794293678627255
19153153021,-93.63270190686902,41.710787250678216
19153153152,-93.69389668097283,41.569654602360714
19153153162,-93.61130422544764,41.564501695236125
19153153161,-93.61132358465447,41.55368264724803
19153153160,-93.60165434067852,41.555354746000944
19153153156,-93.6351016130146,41.565115959243094
19153153075,-93.75131818845055,41.57886729356865
19153153074,-93.78403108777505,41.59253734567522
19153153069,-93.72004304917331,41.58698078070279
19153153072,-93.76312140036033,41.57488775357463
19153153071,-93.76853738403281,41.58027056709186
19153153017,-93.5778888768367,41.724560792576405
19153153016,-93.62060450973564,41.73638974479262
19153153013,-93.59974862550948,41.72757733346026
19153153012,-93.59521208000042,41.738087527861374
19153153155,-93.67363664197197,41.56023056663047
19153153154,-93.66530217444357,41.57485421626713
19153153070,-93.7647065005589,41.592476957076336
19153153059,-93.73009361351325,41.63795893283706
19153153068,-93.73193788208631,41.59135895951054
19153153067,-93.74415347947861,41.589000848820106
19153153066,-93.72061617000752,41.5751280391583
19153153011,-93.58217546891964,41.73557757354652
19153153010,-93.57622555283616,41.756544130951305
19153153009,-93.66664351296828,41.73287265172997
19153153153,-93.68255225441276,41.57794458065418
19153153151,-93.69892949479251,41.585523881899576
19153153150,-93.68649058557418,41.58767103030679
19153153149,-93.67176953829353,41.58841367086339
19153153143,-93.60288170375988,41.59129203133967
19153153065,-93.7362513523492,41.53386129321502
19153153064,-93.70840204176011,41.580117385257864
19153153063,-93.7840444442888,41.62983761264072
19153153007,-93.46054130447676,41.69555290022163
19153153167,-93.63750563451278,41.54107074289106
19153153006,-93.40106277469832,41.73597135314003
19153153148,-93.65746439758179,41.590030293004915
19153153147,-93.65390950975872,41.58375748713648
19153153146,-93.64545162895249,41.590560608258585
19153153145,-93.63287475555583,41.581291911881024
19153153144,-93.62435065244607,41.587992619310484
19153153062,-93.74553214778297,41.623165772491994
19153153061,-93.74361190967163,41.63526635499084
19153153060,-93.75417017360792,41.64732010926846
19153153058,-93.7253307210054,41.64721989593608
19153153005,-93.40591992797212,41.81989996077104
19153153004,-93.52235794000416,41.82002753423131
19153153139,-93.54770761135605,41.595751674825436
19153153142,-93.59396557793603,41.5813215716947
19153153141,-93.57639866603985,41.59278916904737
19153153140,-93.55030252092621,41.57558160765158
19153153055,-93.71312361921517,41.6228285492233
19153153054,-93.71181791292331,41.64876110011897
19153153051,-93.76802936089854,41.607502110301986
19153153003,-93.63907089350401,41.820196854818825
19153153002,-93.69466423455566,41.86008696915759
19153153001,-93.76754166569563,41.841047999578166
19153153137,-93.62979336128788,41.59811667740861
19153153136,-93.64812958696041,41.59917711468992
19153153135,-93.65549312638163,41.59705700953114
19153153134,-93.66728273361842,41.595523648651934
19153153133,-93.68378433194006,41.59608787925455
19153153129,-93.68400189538082,41.60511399302558
19153153052,-93.71287710880007,41.60449907533417
19153153053,-93.70393188372218,41.642040062020506
19153153166,-93.67316453581962,41.53049450370495
19153153169,-93.61611204365681,41.54454874871819
19153153173,-93.63521623103362,41.532201488735765
19153153174,-93.63263099378372,41.52385108644881
19153153176,-93.55897216083984,41.55733849009464
19153153168,-93.63058659519771,41.544589196437045
19153153128,-93.66607723287859,41.601229140718495
19153153127,-93.6659299543124,41.60744758832255
19153153126,-93.67213165893097,41.61200658864196
19153153120,-93.63924892982534,41.61671001080761
19153153138,-93.57925685141984,41.597832095133384
19153153132,-93.69862043638855,41.59659069291149
19153153049,-93.5017653742952,41.53150244126513
19153153046,-93.49900147023979,41.586087544504416
19153153045,-93.46437779812322,41.56222036053684
19153153044,-93.3818370633906,41.54671104884979
19153153023,-93.7681547042816,41.74632663430719
19153153057,-93.7200945009475,41.63175771092125
19153153175,-93.63704149655722,41.517752056086245
19153153170,-93.60161633210713,41.537208350583214
19153153171,-93.61610323240694,41.5355040473685
19153153172,-93.60930012041861,41.51971850950245
19153153177,-93.65969855814339,41.5518377603675
19153153131,-93.70037026743566,41.607168928664414
19153153130,-93.69237779152101,41.61023499580558
19153153125,-93.65548291277833,41.607261583606295
19153153124,-93.64896032412817,41.60911408485968
19153153123,-93.63783052319799,41.60315288509795
19153153122,-93.6379551245476,41.608187632465665
19153153121,-93.62881769383681,41.60544049800601
19153153119,-93.61913459593036,41.60638613092903
19153153056,-93.72887290883904,41.62122003525868
19153153030,-93.6756740906679,41.647021987583514
19153153027,-93.71669314694306,41.685338811815775
19153153050,-93.49447616555298,41.52100473755957
19153153178,-93.67224372009373,41.64056303434953
19153153179,-93.58763905764073,41.530447198007316
19153153180,-93.56061755597818,41.52422886829347
19153153181,-93.5814909690645,41.56043991320345
19153153118,-93.60950640900684,41.600826935253295
19153153117,-93.6005208064738,41.600105558239584
19153153116,-93.58546638514952,41.61036522645726
19153153115,-93.5727183986723,41.61220549986438
19153153114,-93.5722939962299,41.6035440090162
19153153113,-93.56246547961338,41.60785403907167
19153153042,-93.38964327449074,41.642258523550375
19153153041,-93.4538830768185,41.634008646842084
19153153043,-93.36340287306886,41.667705601445164
19153153182,-93.56673289812683,41.54361136233371
19153153112,-93.55488706510101,41.60602270080034
19153153111,-93.53972093165328,41.60777093528611
19153153110,-93.53617456088806,41.61889058068749
19153153106,-93.598491437595,41.610236476429925
19153153109,-93.52140459065983,41.62550382801137
19153153037,-93.47683761785815,41.646857650362705
19153153036,-93.51820887106526,41.618811706763296
19153153108,-93.55276666785132,41.61956124010565
19153153107,-93.5666765442185,41.62080460875929
19153153105,-93.60693894915362,41.613222571687395
19153153101,-93.63033040183704,41.622197906599524
19153153104,-93.6054030018348,41.62272996787106
19153153103,-93.61285817815822,41.62619475952502
19153153102,-93.61572683475309,41.61806903919211
19153153035,-93.53847714061347,41.63897270044805
19153153034,-93.5391143237162,41.66551383377528
19153153100,-93.65399043769426,41.621231032072835
19153153099,-93.66350580587593,41.62215500781228
19153153098,-93.67167678832341,41.62322879397263
19153153097,-93.67779096449384,41.62068138038023
19153153096,-93.68421805967758,41.62269337059565
19153153095,-93.69308084729055,41.62130973608837
19153153087,-93.63760571266113,41.63269171559593
19153153033,-93.64454742495916,41.669812024193035
19153153032,-93.60019440719792,41.66472500797166
19153153031,-93.6283895740934,41.644192875701435
19029029007,-94.97540189869679,41.367357103653795
19029029006,-94.87076880038272,41.3744353882746
19181181009,-93.3749930779901,41.37494376555505
19181181001,-93.73583522598152,41.45103062971441
19029029005,-94.75767230229445,41.37425583028768
19029029004,-94.75810974271897,41.46098824903684
19181181010,-93.45283752791737,41.42637137176536
19181181011,-93.54965429451512,41.3821356298852
19181181013,-93.73192886569991,41.38121791519779
19181181014,-93.786005082094,41.35936166314505
19181181015,-93.73159808670604,41.29337994323987
19181181016,-93.61613535445824,41.29272648486913
19181181017,-93.50055271200608,41.291583373880655
19181181018,-93.38477604176639,41.29135380953846
19181181019,-93.4393690929671,41.28872012698693
19181181020,-93.38504482009225,41.204269355261765
19181181021,-93.49998804005757,41.20453184149874
19181181022,-93.615565586868,41.20517323157265
19181181023,-93.73134751575225,41.205644710016074
19181181012,-93.56589221338797,41.3623795441974
19029029018,-95.09851581644276,41.201796440522656
19029029017,-94.98437391874386,41.20150042664695
19029029016,-94.8712997219387,41.20125704506439
19029029015,-94.75771645509262,41.20113271949431
19029029014,-94.76982017084882,41.25064370751167
19029029013,-94.75759481567773,41.28831372684886
19029029003,-94.87106485567615,41.461034709562036
19029029002,-94.98365385091147,41.46110138031663
19029029001,-95.09791971704732,41.4615587015297
19029029012,-94.8710802143928,41.28762291217029
19029029011,-94.9840420974104,41.28794679883009
19181181002,-93.76061270216073,41.48755067900453
19181181003,-93.7617750029348,41.502411956181724
19029029010,-95.09817087939992,41.28818440427852
19029029009,-95.015672626653,41.39684198013525
19029029008,-95.09935525723574,41.37452785468084
19181181004,-93.61630255973978,41.45936169704348
19181181005,-93.69239348348492,41.49123376367471
19181181006,-93.51370442893248,41.48442195297508
19181181008,-93.39172566523067,41.464531804997655
19129129003,-95.61353755189022,41.11654081634647
19155155056,-95.84809888275562,41.20863567580635
19155155055,-95.89850823951427,41.20746810132423
19155155054,-95.87736157759788,41.24021638428882
19155155053,-95.9037895382885,41.255389537369666
19155155052,-95.88605721690092,41.257052181168405
19155155051,-95.8673858662709,41.25800365089781
19155155050,-95.85764340182351,41.249186869921246
19155155049,-95.8506380097401,41.259509009056146
19155155048,-95.82910823145157,41.24130475610633
19155155047,-95.83980723604846,41.2563428603116
19155155046,-95.80262444892811,41.24968976166486
19155155045,-95.8036896700514,41.27415418071791
19155155044,-95.82254467907264,41.282475096435974
19155155043,-95.8520861597388,41.27719119029477
19155155042,-95.84149809220268,41.27815965679281
19155155041,-95.86894548451427,41.26494613057895
19155155040,-95.86829956848788,41.27445233512885
19155155039,-95.88645321655412,41.267559285440036
19155155038,-95.89667633919858,41.26643320838633
19155155037,-95.90481825581841,41.281800005835905
19155155035,-95.76912126918073,41.2384900303612
19155155036,-95.78064069569196,41.19340601484002
19155155034,-95.60634218569312,41.232193328643035
19155155033,-95.67032118206278,41.20291649637009
19155155032,-95.55525830388201,41.20257662787296
19155155031,-95.44162298556124,41.18926335695979
19155155030,-95.44146382187343,41.246527385461725
19155155029,-95.32703032490227,41.20268382397745
19155155028,-95.21271843727726,41.202245273848035
19155155027,-95.21248660327142,41.288525151182405
19155155026,-95.39672454898442,41.307772902308926
19155155025,-95.32694714473044,41.288759873636415
19155155024,-95.44442395411043,41.30313587342813
19155155023,-95.55560180688325,41.28922859108037
19155155022,-95.68343001833462,41.328473317753904
19155155021,-95.66986697996789,41.28913171097392
19155155020,-95.76807668792503,41.293857567284256
19155155019,-95.86227763492178,41.314914933881425
19155155018,-95.89041161306874,41.3738136033738
19155155017,-95.78392444494423,41.375704006057155
19155155016,-95.66952280935045,41.37595477827514
19155155015,-95.55514591749537,41.375877227521585
19155155014,-95.44098900121442,41.375488380667605
19155155013,-95.327315616638,41.37525183538754
19155155012,-95.21284054377058,41.375282385262025
19155155011,-95.22049916873183,41.48847265105783
19155155010,-95.21172497702476,41.46004180386724
19155155009,-95.3363248850969,41.48407562653648
19155155008,-95.32595523877401,41.46085197387273
19155155007,-95.44935443228643,41.4999077406535
19155155006,-95.44059159750033,41.461599069010795
19155155005,-95.61721244732348,41.45166998873305
19155155004,-95.55488580880676,41.46269171095946
19155155003,-95.67005700378313,41.462891004385995
19155155002,-95.7838731825412,41.46293647784062
19159159006,-94.07204206009096,40.85442250305027
19159159004,-94.18578422206296,40.85453430173221
19159159003,-94.26359407122376,40.8964630612897
19159159002,-94.29994582860397,40.85558402774582
19159159001,-94.41461992666885,40.85590271152554
19159159024,-94.47098594895132,40.80385786549003
19137137015,-94.9852604501432,40.943771859363764
19137137014,-95.10295128582423,40.981014704259
19137137013,-95.099064609548,40.94319561849424
19137137012,-95.26555243890192,40.91878883889814
19137137011,-95.21281067471023,40.94454105140683
19137137010,-95.32752239479966,40.944372729788036
19137137009,-95.32746617506425,41.03029421703689
19137137008,-95.2132100147837,41.03013803239337
19137137007,-95.09902108279226,41.030041586148904
19137137006,-94.98485785428407,41.02955731506038
19137137005,-94.98466140308643,41.115358994744284
19137137004,-95.09879538289957,41.115833570080376
19137137003,-95.16286459991034,41.14936728624234
19159159023,-94.41468761766613,40.605366408059865
19159159022,-94.30053941990042,40.60525676855559
19137137002,-95.21362747556475,41.1157275847479
19137137001,-95.32736846420688,41.116482563471386
19159159021,-94.18652593031827,40.605629811971376
19159159020,-94.07277110756688,40.6058540755335
19159159019,-94.07227402872277,40.681703798086446
19159159018,-94.18388865377945,40.68042810338521
19159159017,-94.23759229747162,40.71415377331604
19159159016,-94.29382377338047,40.67615207634525
19159159015,-94.36141985069536,40.70356669122554
19159159014,-94.3593761389194,40.712532074457386
19159159013,-94.42129289380826,40.677024757128535
19159159012,-94.41660072307916,40.770519678426936
19159159011,-94.3421118663371,40.8104670665791
19159159010,-94.29825759206447,40.76940444192875
19159159009,-94.18593029753885,40.768421093693014
19159159008,-94.05068038099212,40.807574553547695
19159159007,-94.07247851214805,40.76733981700566
19003003011,-94.87160345219449,40.94353603376876
19003003010,-94.82400343546286,41.0496609369149
19003003009,-94.87241291593296,41.02893582227843
19003003008,-94.7395224630443,40.9928820111588
19003003007,-94.75825823376826,41.030474521667436
19003003006,-94.64258237948228,41.02887619341505
19003003005,-94.52796530784696,41.02852794800817
19003003004,-94.52785806675968,41.11456711509602
19003003003,-94.64264145417602,41.11482136342023
19003003002,-94.75754609740044,41.11501155620324
19003003001,-94.87116593565071,41.11533557882657
19003003015,-94.5515425117308,40.901188562346114
19003003014,-94.52793637108643,40.942737773970784
19003003013,-94.64293763299337,40.94286117779517
19003003012,-94.7576893980939,40.943054535758755
19001001018,-94.29921965286485,41.28712636884385
19001001017,-94.45915144865836,41.30559896885807
19001001016,-94.44912995631873,41.28961429396903
19001001015,-94.40626727525897,41.28595538150964
19001001014,-94.5278678294753,41.28748837441451
19001001013,-94.66893843842604,41.247099152231186
19001001012,-94.64256131614934,41.28783300968818
19129129016,-95.44197152582582,40.944474508370675
19001001011,-94.64293022094193,41.374217615899745
19129129015,-95.55444813289328,40.94833896915605
19129129014,-95.67237400396769,40.903465118656506
19129129013,-95.67101479448618,40.94430203545976
19001001010,-94.52820851266199,41.37416028255585
19129129012,-95.78063028775802,40.944768924918876
19001001009,-94.41380072935337,41.3740383318463
19129129011,-95.82674775395694,41.03239103063424
19129129010,-95.74077543447326,41.04452079766209
19129129009,-95.75091075199794,41.032535381635086
19001001008,-94.29908759187067,41.37380706122794
19001001007,-94.3219031938,41.49506621597449
19001001006,-94.29790355304027,41.45868680918417
19001001005,-94.41382158627907,41.460474902718474
19001001004,-94.52123595012468,41.502026419857884
19129129008,-95.66622430969659,41.02731607447744
19129129007,-95.58520858299042,41.03022166460892
19129129005,-95.46721217493241,41.032401472367404
19001001003,-94.52849008208105,41.46032478416159
19129129004,-95.47047002772608,41.11668670893067
19129129002,-95.74601261922899,41.11649699461273
19001001002,-94.64326287907845,41.459152812449865
19001001001,-94.64347794101475,41.496787666775084
19129129001,-95.84682036543843,41.12043642703047
19001001022,-94.6428531630152,41.20101446323249
19001001021,-94.52786632924393,41.20088786487091
19001001020,-94.41371389274457,41.20070279337896
19001001019,-94.29922808645084,41.2005080276811
19145145022,-95.31642803194462,40.61738356609252
19145145021,-95.23487307915565,40.65606327795616
19145145020,-95.2017028896101,40.615959871435685
19145145019,-95.03118619192172,40.58063117823363
19145145018,-95.08822208285285,40.61519560242084
19145145017,-94.97236726851901,40.61359557589439
19145145016,-95.03400392952024,40.73801144097415
19145145015,-94.96856768283388,40.688300385812674
19145145014,-95.03524653813899,40.65747532375502
19145145013,-95.0863155843235,40.689538428969385
19145145012,-95.19995119341993,40.691527819009224
19145145011,-95.31490912905086,40.6915425883041
19145145010,-95.3690485899788,40.75904430001527
19145145009,-95.32371798887449,40.77258465070629
19145145008,-95.15439636921482,40.73536881630465
19145145007,-95.2137882000457,40.771178772452515
19145145006,-95.0702229410117,40.7715447687128
19145145005,-94.95501767320998,40.77355845101947
19145145004,-94.98551932168024,40.85716225963863
19145145003,-95.09937498962049,40.857383058894065
19145145002,-95.21336357047007,40.85774250500231
19145145001,-95.32751309191293,40.858025107000444
19121121019,-94.18465909362749,41.20034330071196
19121121018,-94.07078377217086,41.200190014807575
19121121017,-93.95623121887249,41.20006452696676
19121121016,-93.84386999162108,41.20275624995509
19121121015,-93.84373824074984,41.289859498049594
19121121014,-93.95525551667711,41.286439155156295
19121121013,-94.07080599945216,41.28647570082723
19121121012,-94.18437189952247,41.286999370467946
19121121011,-94.18424130574931,41.37368807316686
19121121009,-94.07276466540723,41.37526925592188
19121121010,-94.01351200549242,41.345520621708225
19121121006,-93.95223873485101,41.37434268496339
19121121008,-93.79391064465217,41.359707135381434
19121121007,-93.84427149906313,41.377176179386055
19121121005,-93.84385124879086,41.46414708425602
19121121004,-93.95510837209073,41.45974083849572
19121121003,-94.12225130955794,41.49448240295031
19121121002,-94.06917536454438,41.45926673876233
19121121001,-94.18488582198137,41.45998030116152