20019000010,-96.46224853838486,37.25145487711858
20019000060,-96.46214989368373,37.1499097691607
20019000130,-96.31750531331747,37.149175047784844
20047000030,-99.5146088391592,38.000475927570406
20047000110,-99.5196602467891,37.84622000031267
20047000090,-99.33839971211857,37.865704523186956
20047000040,-99.40630882351698,37.9468002120753
20047000050,-99.41352705819345,37.925512901156395
2004700006A,-99.40915318125101,37.91922837059014
2004700006B,-99.41864635695657,37.915934005505505
20047000120,-99.265088752577,37.95481597313241
20047000010,-99.10464708551315,37.95632507354362
20047000070,-99.07275500166261,37.82307834374355
20047000020,-99.18211239740648,37.82296429094122
20047000100,-99.37318479356941,37.777472698908596
20047000080,-99.40508042023471,38.04430956690854
20019000100,-96.11909186892872,37.06058923116069
20019000080,-96.02557816207457,37.046378624289105
20019000040,-96.45363564389301,37.04907403809722
20019000090,-96.16884980639935,37.16322804697812
20019000050,-96.30858448360844,37.048769433683
20019000030,-96.19619759873086,37.04506907446537
20019000110,-96.0277824225142,37.248915654442236
20019000120,-96.1671095661139,37.11700199122934
20019000020,-96.31759071804208,37.250591489279984
20019000140,-96.02620121002897,37.14900642273975
20019000070,-96.16127996459737,37.245742344254566
20007000200,-98.40434818606604,37.253726146528415
20007000080,-98.55007416197206,37.025392409381666
20007000070,-98.41648925610532,37.01741514460579
20007000090,-98.803625845309,37.332851260143634
20007000210,-98.92964831575387,37.340254489668204
20185000030,-98.96755663644198,37.868974056725875
20185000110,-98.85762030976484,38.21774382452399
20007000020,-98.93013321144394,37.2384568028855
20007000060,-98.40324347760973,37.123013191563
20185000140,-98.74683770124415,37.95496771839455
20185000170,-98.74723347105153,37.86871313302782
20007000180,-98.54096330140113,37.167023105957796
20007000230,-98.51951668088198,37.42747513129628
20007000100,-98.81167822057837,37.427157294060336
20185000080,-98.52706348118227,37.95492067191458
20185000240,-98.52700353927014,37.867896296787684
20185000120,-98.74765360196976,38.21732610726152
20185000020,-98.63753058205053,38.21715851663979
20007000160,-98.69508852842152,37.31905468114342
20007000150,-98.61416839823171,37.329167432467905
20007000190,-98.40421830707031,37.34056524738936
20185000100,-98.63770938481348,38.129573787492944
20185000230,-98.7840544004685,38.042479830325355
20185000040,-98.85794763115894,38.04358736144115
20007000030,-98.74976727974045,37.202514839946325
2000700012B,-98.56975446050326,37.29134071940907
20007000110,-98.58455989837053,37.28783773909509
20007000130,-98.58153951643986,37.278370959119236
20185000090,-98.96748666669691,37.95645155873678
20007000170,-98.54051216000072,37.08699434849424
2000700012A,-98.576632689806,37.28978494660843
20185000150,-98.5277209934307,38.17308930513267
20185000050,-98.85765301633019,38.13073133970038
20185000180,-98.74772225069067,38.13020840123171
20185000130,-98.63535832907428,37.98109143235313
20185000160,-98.85786199036095,37.95635154058165
20185000070,-98.72878473931796,38.04334597713834
20185000190,-98.7613130440552,37.99583435186126
20007000220,-98.93924275894261,37.427304303613184
20007000040,-98.66574119489427,37.42743794809303
20185000220,-98.63735716746415,38.042349014797566
20185000060,-98.52744178909767,38.0418760194926
20185000010,-98.85764059864684,37.86897321335353
20007000050,-98.71705313320784,37.06859373122792
20007000010,-98.9106557180077,37.085859646551384
20007000140,-98.53513346109187,37.290305318335086
20185000200,-98.63773347249646,37.93761422930113
20185000210,-98.63697186442225,37.86789700383918
20145000220,-99.51485563993101,38.13151054138839
20145000040,-99.29546391918359,38.043870481187874
20145000180,-99.295614250819,38.131058677516165
20145000060,-99.40509742063831,38.1317221991567
20097000010,-99.09935748710427,37.459512872230476
20097000020,-99.28315250888816,37.53412976346649
20097000040,-99.12336454132951,37.63516667886705
20097000050,-99.45379294360906,37.566620223637635
20097000030,-99.29830402639001,37.604067475808016
20049000080,-96.22509596582245,37.56251232773109
20049000010,-96.21302783407049,37.35855557760621
20049000090,-96.4166564345822,37.51973116462034
20049000030,-96.22527577456144,37.46663316714001
20049000050,-96.09945530026143,37.36575247650761
20049000100,-96.33799891094574,37.36823049421693
20049000020,-96.45693424334004,37.364631627580316
20049000060,-96.0089447101078,37.36513369463395
20049000040,-96.05202690728899,37.56117296144194
20049000070,-96.053220012398,37.474174931939984
20151000060,-98.5738712076818,37.73517846014406
20151000110,-98.62919385845689,37.51438484080015
20151000100,-98.90311808238141,37.513875729728035
20151000090,-98.90416564500381,37.64542498040751
20151000080,-98.9039980026689,37.77929483766081
2015100002B,-98.75729320299868,37.70459266559817
2015100004C,-98.70821320063722,37.643693217453084
2015100004B,-98.71914300722393,37.63851288583534
2015100012B,-98.71619448249625,37.6459231273942
2015100005B,-98.71231155419063,37.656229591092206
2015100004A,-98.72905344777023,37.640181483882465
20151000030,-98.74882806991907,37.640557378921585
2015100012A,-98.64298767367939,37.61039873171376
2015100001A,-98.73471741203522,37.65324151899118
2015100005A,-98.72509945860111,37.65292392863389
2015100002A,-98.74570174018224,37.64968012752037
20151000070,-98.73711319504523,37.76111150506194
20173700820,-97.23875365418627,37.62982605213164
20173502450,-97.48010861773254,37.65489093544008
20173503220,-97.2221990834608,37.491329886669625
20173503230,-97.22227091685441,37.489279337548986
20173600150,-97.34424131513417,37.806026692298026
20173700300,-97.48346249881546,37.78450675733087
20173501490,-97.40670244887379,37.73836791235621
20173503640,-97.36566156845369,37.59351456102744
20173900010,-97.20561741425674,37.742753710063724
20173900110,-97.3884894968729,37.62632553314092
20173900030,-97.48296460664491,37.73503415777836
20173501720,-97.5028368073792,37.71104943831639
20173503290,-97.43586217453047,37.79343670133148
20173700290,-97.4875630129132,37.75743570922618
20173500430,-97.2542151361463,37.693223271397066
20173500450,-97.23623922208867,37.698969270429544
20173500540,-97.20520984196212,37.72050459710822
20173501410,-97.4267285823289,37.67359751399604
20173504000,-97.42207062125982,37.632838056774695
20173501130,-97.44366067956933,37.62770890161954
20173501120,-97.43422008568267,37.63520575131924
20173501140,-97.45740625486366,37.631973424997994
20173501680,-97.49448888349258,37.75488796719477
20173501700,-97.49815819911485,37.721251960920284
20173600190,-97.50212005057175,37.72396773298331
20173502160,-97.49421256883491,37.69687611559398
20173502170,-97.49798964724656,37.706855675059344
20173501810,-97.50690917223604,37.68146851098737
20173502200,-97.52288898763383,37.68564789033253
20173501750,-97.50060134815585,37.67252969167414
20173502480,-97.53710524626001,37.86871843062291
20173503780,-97.6444767560197,37.78031321184368
20173900040,-97.23749774958111,37.53729216198741
20173900080,-97.2370606853101,37.54081476671412
20173900020,-97.39513308715867,37.61626126498159
20173900120,-97.38809603605623,37.624874249689256
20173900050,-97.33677823595666,37.82506078380562
20173900060,-97.21018440993865,37.722865397265274
20173900090,-97.48929170482708,37.78012560056094
20173900100,-97.48602898530315,37.79036796463357
20173501110,-97.40310335372885,37.629199759282315
20173502730,-97.36770305875343,37.55989025555641
20173502340,-97.23839327471255,37.5557599196758
20173503070,-97.21696243246768,37.69376967350915
20173500440,-97.25200420484218,37.70228628748326
20173500460,-97.24425996627421,37.71571796225545
20173500470,-97.24932471571833,37.73033723496977
20173500480,-97.23546268944499,37.73037326231431
20173503990,-97.47079566688855,37.636118788336496
20173501610,-97.4731359948973,37.67136308497561
20173501790,-97.52559947973451,37.67171520278977
20173501760,-97.531309311584,37.6628180027981
20173501770,-97.51755161745665,37.66328627347037
20173501780,-97.5140372837163,37.662911012393245
20173502210,-97.52347213235767,37.66732915770981
20173502130,-97.56203569028624,37.671238191143004
20173502560,-97.64708074408513,37.86878009025142
20173503800,-97.42944915705968,37.87045485801841
20173600470,-97.41337141278721,37.76675125042084
20173500040,-97.32177058330005,37.678888085162356
20173500010,-97.31346436995567,37.666406938186455
20173500050,-97.30803660212698,37.679021173472805
20173500530,-97.21723441898807,37.730386411499346
20173502240,-97.24938122288039,37.77646732678245
20173503560,-97.23694969228693,37.76765837732071
20173502250,-97.21923857410202,37.7790471821536
20173500510,-97.22047678081508,37.76450197840191
20173500520,-97.2125270312055,37.73953197933368
20173500500,-97.23662584408748,37.781952967675345
20173502140,-97.50969545811502,37.65851027077324
20173501080,-97.47359098891928,37.65739320070497
20173600460,-97.48009710398912,37.65689224351847
20173501070,-97.46662553051924,37.6294552009398
20173501890,-97.34421581530168,37.707237187425555
20173501840,-97.38306587329551,37.6893030508237
20173501870,-97.37284101410897,37.70125780683304
20173501860,-97.38274411358658,37.698253978466646
20173501920,-97.38376386960522,37.708080338968486
20173502490,-97.75361683318452,37.51861487258819
20173600340,-97.72536464848078,37.49657924637944
20173502510,-97.7529105234448,37.690753983952746
20173500790,-97.28737851627383,37.67371055341124
20173500770,-97.30646751823893,37.65869603431035
20173500020,-97.33525685548268,37.66782139902447
20173500750,-97.3316272892864,37.65749488855802
20173500740,-97.34380541580111,37.65707432786061
20173503090,-97.20252934651799,37.730552363491746
20173503160,-97.21233404599829,37.72994792734523
20173500710,-97.17737310689415,37.718584600812996
20173500560,-97.19908249814499,37.69738650675777
20173700530,-97.20360799420045,37.71365117179597
20173503020,-97.17083315263585,37.71185743018314
20173502820,-97.50807553721312,37.620379265500176
20173501090,-97.49037149240122,37.65409999864619
20173501100,-97.48791465266224,37.647195154319654
20173503940,-97.43000382717855,37.607690523537784
20173501260,-97.39025467203042,37.62675546164994
20173504010,-97.39633878739,37.62240549946834
20173501900,-97.35463468332766,37.71522063690191
20173501910,-97.37158129683691,37.71402415486561
20173501950,-97.35124545921119,37.72878582787851
20173502000,-97.34939930928934,37.76195946942106
20173502590,-97.25326064736673,37.64647139046371
20173600010,-97.19423252745794,37.64647425890624
20173503130,-97.25510701037939,37.65503488771788
20173502660,-97.34264877498877,37.57117640904342
20173502630,-97.36371503651637,37.57000598011383
20173502700,-97.34284152926664,37.56016933682869
20173500030,-97.33474038380169,37.67880774458024
20173501820,-97.33633807078405,37.69548293518753
20173500990,-97.35791790396232,37.68027692310367
20173500060,-97.31265483868962,37.68806510085984
20173503110,-97.1901029435233,37.72862635206345
20173503100,-97.19377083098053,37.68321438722073
20173500660,-97.1877321113884,37.68700044297651
20173503080,-97.19375497109705,37.69843571021542
20173600430,-97.16354396611618,37.67619019292385
20173500590,-97.1736598554119,37.66636227389115
20173503140,-97.20329818680989,37.666631033667265
20173503120,-97.2121153998406,37.67022272874694
20173503040,-97.18109536388687,37.65646157250181
20173501180,-97.36275714285996,37.630148360821174
20173501230,-97.44592543089486,37.6215182369038
20173501170,-97.36515985996387,37.640548373245196
20173501210,-97.361522075082,37.61512054916209
20173501320,-97.34982333358016,37.600721228692784
20173503960,-97.37657999614122,37.607018405874626
20173501990,-97.33871033543252,37.745723438555586
20173501980,-97.33383186719931,37.76151627001033
20173503510,-97.33018992798307,37.78342174071384
20173502640,-97.371199990667,37.56698179122645
20173502690,-97.33521506753071,37.57693689598834
20173502670,-97.32931837140116,37.56863572203254
20173502680,-97.31830720309486,37.56640356934647
20173600350,-97.31409812438966,37.56553159987244
20173502720,-97.33168471448332,37.555329934323225
20173503760,-97.32201502533762,37.50987217962367
20173502710,-97.34135463376454,37.551688734715086
20173503280,-97.37052442312387,37.56243716087537
20173502740,-97.37499275795054,37.5534723611848
20173502770,-97.39191793685154,37.53937760498139
20173502780,-97.39050525853902,37.54979027353236
20173502790,-97.38880318039668,37.54980563820691
20173500330,-97.28970083980035,37.68288156608718
20173500070,-97.31207177310537,37.695128051354466
20173500140,-97.31674675539014,37.70692018499284
20173500130,-97.29427776084503,37.708061520885906
20173503050,-97.22439541779771,37.65247827457571
20173600420,-97.18807801075718,37.66672460183953
20173500650,-97.1663150103811,37.68611175566028
20173500670,-97.18238794679912,37.691789217399716
20173500690,-97.15702243083261,37.69688550388508
20173501220,-97.37551555951755,37.60101901342229
20173503610,-97.36816514705379,37.604093765795795
20173600330,-97.36937910480633,37.604364031249155
20173502650,-97.3660771372597,37.595671665494955
20173503950,-97.37403729370125,37.595147731773054
20173503930,-97.42585233867081,37.57847102277242
20173501240,-97.40577018669863,37.61377875202262
20173600440,-97.39007153893783,37.629133036145994
20173502020,-97.37588991469373,37.76198141242387
20173502030,-97.38528221478495,37.757682230966545
20173502040,-97.3798592649809,37.773133507145495
20173502070,-97.36251557169815,37.78914331316863
20173502930,-97.36139559375482,37.760783402489245
20173503250,-97.53346851446723,37.518994408199006
20173502880,-97.31507213168662,37.77765339260802
20173503490,-97.31050935765658,37.77768905644828
20173503480,-97.31282100348741,37.783114833305504
20173503470,-97.3112782540907,37.79683311679332
20173500080,-97.28972525554464,37.699474576720995
20173500090,-97.27669452814466,37.701759432386936
20173500320,-97.28976816386655,37.690101920710866
20173500120,-97.27146507004991,37.71568548785086
20173500110,-97.26560543059541,37.70485638821196
20173500100,-97.2694923842081,37.697286980274136
20173503010,-97.20810668063604,37.8702412109092
20173500720,-97.18126121613692,37.828472364409315
20173500730,-97.19722602496006,37.83329722005584
20173500880,-97.32667076189075,37.638421840402806
20173501300,-97.39086222348732,37.615963117949036
20173501310,-97.38054775731146,37.612444991302624
20173503970,-97.37274428900206,37.609521955103254
20173501330,-97.34983395985549,37.5874865001888
20173503590,-97.35602081421486,37.583158318560656
20173503630,-97.36148225355313,37.6053771879266
20173502050,-97.37399649749779,37.7981817574652
20173600030,-97.37672063520456,37.78699631753095
20173700600,-97.36752765153915,37.790568744909294
20173502990,-97.36903655822796,37.80510839293711
20173700390,-97.37949551674865,37.82441086242736
20173503520,-97.34476340466884,37.79337636995617
20173502080,-97.3480242763083,37.79457887074447
20173503370,-97.31856974181781,37.80571908228925
20173503390,-97.30872909112203,37.80864194415817
20173502940,-97.3213221245935,37.77586074902999
20173700470,-97.2973116408381,37.81476449258263
20173700010,-97.31248625221085,37.87764259131858
20173502970,-97.32057959444555,37.813637123869654
20173502900,-97.30684743521486,37.81639137126391
20173503380,-97.3125861891443,37.82132265597895
20173500350,-97.26652183191462,37.689168501122715
20173500180,-97.28969915960803,37.730038559920686
20173500190,-97.27571305416033,37.7291941714935
20173500200,-97.26722368444324,37.73140078608676
20173500760,-97.31809294754346,37.653418084465244
20173500780,-97.29132631584585,37.656815612515025
20173500800,-97.27913837190013,37.66706219438682
20173500830,-97.28904635515099,37.643542155158435
20173502420,-97.40133098849361,37.73070107899465
20173501340,-97.39554468948076,37.728639168114455
20173700210,-97.4072138162909,37.75580446316306
20173503170,-97.75287967595997,37.6046479165476
20173502120,-97.64315504376627,37.60551092535111
20173700200,-97.3088460440622,37.85625749764802
20173502960,-97.34959395087213,37.816647938329226
20173700350,-97.36214208412432,37.82189659284759
20173500160,-97.30682631398251,37.71628275592968
20173501960,-97.33011619802986,37.724455500549354
20173500150,-97.32371241569653,37.711438213626806
20173500170,-97.30860838940139,37.73795265669199
20173500840,-97.29438447689994,37.636903749064096
20173503660,-97.28044044507543,37.61960738539177
20173500900,-97.30914163464423,37.61016502779735
20173502010,-97.36559608211208,37.73843451864724
20173501940,-97.37202905914158,37.7250909443364
20173501930,-97.39168257118152,37.71594728776012
20173502410,-97.4148459404926,37.71588669426883
20173502500,-97.64380770985689,37.6922382548927
20173503920,-97.64307624955691,37.51855566056499
20173700380,-97.34584689974444,37.824228152054694
20173600400,-97.33363903468836,37.817063856474185
20173502980,-97.3467229739692,37.78500333975162
20173700410,-97.37447027857819,37.810379434965995
20173503060,-97.19184204001778,37.65470966278966
20173503190,-97.23685636146064,37.48840137137683
20173500250,-97.30413416199535,37.75302287479884
20173501970,-97.32424430902525,37.747724495399225
20173502860,-97.30525807441845,37.759577240576846
20173500310,-97.30679084508424,37.75409181956381
20173502830,-97.30628892862097,37.7467861402177
20173500240,-97.2904767943626,37.74836459441225
20173500230,-97.2714935162174,37.744845503213924
20173500210,-97.25817000002185,37.730260747855844
20173500870,-97.31524922159964,37.64145380614333
20173500850,-97.29682793979815,37.62249121050467
20173501200,-97.34320281126615,37.6152819161689
20173500890,-97.33089082525322,37.62561344864303
20173501380,-97.41819054224217,37.73102612101392
20173501450,-97.43536427464844,37.719701950182206
20173501460,-97.43469310688712,37.72958014551721
20173501850,-97.39926134927897,37.70164222266125
20173501390,-97.41749016467791,37.701872722644204
20173502810,-97.54782404968829,37.598765651912856
20173502150,-97.56225931767224,37.714351100905425
20173502220,-97.27173347312367,37.77404399747634
20173700910,-97.27567188142726,37.78014922282457
20173503180,-97.24774061845332,37.48843037847399
20173503740,-97.20351983221268,37.49848950005974
20173503750,-97.23136292400844,37.47792754223836
20173503210,-97.23675725876903,37.506141451177996
20173502800,-97.39615013390092,37.5424295109019
20173700430,-97.4020121683468,37.823454643281764
20173700400,-97.37804311481331,37.82067481130384
20173700250,-97.4440785564487,37.7532156217603
20173700550,-97.33014453801323,37.808643376679996
20173500220,-97.25352419575678,37.74492464614272
20173502230,-97.27287229196614,37.75805000403344
20173500490,-97.23555881098959,37.753927755551004
20173500260,-97.28885900872785,37.76443387743322
20173700580,-97.30172291714312,37.579181164881284
20173500910,-97.31861852640259,37.58793001560406
20173501400,-97.41723259971552,37.68699914139656
20173501430,-97.43533209215478,37.701516568715306
20173501420,-97.43521419278146,37.68697020416143
20173501590,-97.45348266315462,37.68667658245796
20173501570,-97.44870116811641,37.70200993098232
20173501440,-97.4351667062563,37.712576252846524
20173503550,-97.2503762540634,37.80522067846369
20173700660,-97.2219899592761,37.77231697053396
20173530540,-97.22826131473717,37.78068151217514
20173502320,-97.26815859376784,37.55734873232471
20173700180,-97.31521317446303,37.837619421951956
20173503450,-97.31298662144437,37.829588680408186
20173700540,-97.33232451196517,37.811231171001914
20173700070,-97.34014011500813,37.84274597502058
20173700030,-97.33497838317437,37.84818079131142
20173503460,-97.31930362303498,37.8555194700599
20173600360,-97.3049324190324,37.79402185058978
20173503500,-97.32255603792966,37.798153098707644
20173700860,-97.3502647733277,37.80138153674414
20173500280,-97.30654905913686,37.76652158946525
20173502890,-97.28137572849853,37.802483363537036
20173500270,-97.29653415861426,37.77594698338219
20173700900,-97.29750742025732,37.77792412447271
20173503600,-97.32368922827621,37.57585634958494
20173503770,-97.30360045444496,37.54837094403257
20173500940,-97.29402571630857,37.561637029470084
20173501560,-97.45360220682984,37.712113824521964
20173501550,-97.45359200053262,37.71925885132679
20173501470,-97.44005217460084,37.73575021784831
20173501540,-97.45284569484446,37.729376252445626
20173501500,-97.45986414723585,37.74439044122884
20173502260,-97.27102571662316,37.56990430631696
20173503650,-97.28102539968383,37.58770266286014
20173600020,-97.29878556477959,37.57773170240237
20173600140,-97.29060863118507,37.59474516085055
20173600130,-97.2984054198462,37.591582206717845
20173700650,-97.34914639751257,37.55490694954112
20173700320,-97.36966288609283,37.85921583149924
20173700310,-97.37648567617097,37.843956464857364
20173700950,-97.46268393525988,37.64895876463925
20173700880,-97.29869879346013,37.581964576809824
20173600380,-97.29818266420111,37.58459574989484
20173700710,-97.34881192777236,37.84737043524216
20173502950,-97.32641566685656,37.761518959257245
20173502850,-97.31014279087898,37.769634482080214
20173502870,-97.3050981095223,37.789308088279796
20173500340,-97.2758981085995,37.686567153741095
20173500810,-97.26673024285564,37.67013295743391
20173501880,-97.36022655831836,37.69939803567519
20173500950,-97.35648038907854,37.687610128895216
20173501830,-97.37142693785627,37.68835303876938
20173500980,-97.38815161255386,37.679018156355774
20173501480,-97.42900161695765,37.74701178012693
20173502460,-97.43604249295348,37.73702618072467
20173700220,-97.41457859309418,37.73959645755308
20173700230,-97.43377412116894,37.74928987700508
20173501670,-97.47186416009606,37.72979946274293
20173501530,-97.47188932939669,37.75152250541671
20173503310,-97.4601632008824,37.738906388840554
20173600390,-97.46271144392216,37.7313799393081
20173502290,-97.26640589315656,37.583001265408775
20173502270,-97.2530849400166,37.56818225850614
20173502280,-97.2381652374777,37.56750486554551
20173700080,-97.3538953343981,37.82796390013239
20173700110,-97.30419073541532,37.87014581016125
20173700140,-97.30985947129824,37.86185813703273
20173700150,-97.32291567085693,37.85923348511172
20173700170,-97.31009935000168,37.85548970807642
20173503530,-97.18823070354789,37.7848378995774
20173600370,-97.24450480433522,37.4895127688007
20173700840,-97.24436115806401,37.52960287357388
20173700590,-97.22114753559252,37.54120990267342
20173503030,-97.25912069602981,37.68552302287771
20173500360,-97.25788560576144,37.6747787968918
20173500420,-97.23831357991227,37.68437783781833
20173500370,-97.24497657654578,37.67186021465977
20173500960,-97.39284527274546,37.68930154474762
20173500970,-97.40271183292803,37.689252985342144
20173501040,-97.38631561644549,37.66214373384147
20173501000,-97.35668236266437,37.67146607450128
20173501020,-97.36032572308055,37.6601712258422
20173502430,-97.45791664306326,37.73545098519434
20173501650,-97.46851059594991,37.71601221863783
20173501580,-97.45763330435378,37.700612885119206
20173501640,-97.4718096019979,37.70119007360405
20173501620,-97.46790722579836,37.686224521233825
20173501600,-97.45370234442515,37.67300496161899
20173502610,-97.25314338397703,37.58805426294677
20173700850,-97.25115467540552,37.579534635894
20173502300,-97.27891935013162,37.56417994915474
20173503710,-97.25368739287326,37.53000975571056
20173502350,-97.26573904475221,37.548124945236275
20173600780,-97.27650590317764,37.56237183225852
20173700700,-97.24333143205568,37.575503265489075
20173503150,-97.20948240565984,37.666065094047106
20173700690,-97.46260965082475,37.63447589775717
20173700890,-97.48201395294679,37.6509359875109
20173700630,-97.49854451937753,37.71735346620954
20173700490,-97.15823299687456,37.726382362349774
20173503320,-97.44449743701534,37.741218404791304
20173600250,-97.4444661742533,37.7373786129779
20173700940,-97.40868702258535,37.762831978826206
20173700930,-97.41210562472124,37.765558771152506
20173700640,-97.42312747385432,37.762955266836954
20173503300,-97.46693214291355,37.73943856691272
20173501520,-97.4723567771266,37.75064178769657
20173502840,-97.30828904589097,37.751977824609284
20173700830,-97.29926433088244,37.81406112830966
20173503580,-97.24379357534993,37.778706177156934
20173503400,-97.32883469267243,37.838917760201255
20173500570,-97.20715908198763,37.67419175506103
20173500410,-97.23420541571673,37.66918644223938
20173500820,-97.26951182684542,37.65738415416026
20173500580,-97.20790815246716,37.65889114959678
20173501010,-97.35019975312346,37.6589732448921
20173501190,-97.3476792442453,37.63510587187615
20173501160,-97.36261808501418,37.647890975308684
20173501030,-97.3661056069111,37.65505731310212
20173501150,-97.3880169021623,37.640394666120734
20173502440,-97.45522231575696,37.67558782528537
20173502470,-97.47253073097887,37.66885361061556
20173501630,-97.47674998240929,37.68652462039631
20173501740,-97.49341520886037,37.68644972383458
20173501730,-97.48753711401186,37.70347568044093
20173503700,-97.18856898908732,37.540895807434396
20173502360,-97.24594363199498,37.54609507662745
20173700670,-97.22190250046602,37.76681029367135
20173503410,-97.29980970263942,37.80853602669799
20173502910,-97.31710776167196,37.80697612422756
20173700560,-97.3358350362117,37.8082664857027
20173700020,-97.32647735526628,37.83956989351579
20173700160,-97.31983278771857,37.853664932933754
20173700120,-97.31555512278429,37.86280954820759
20173700130,-97.31252113547636,37.862824796022934
20173700060,-97.35387875070829,37.84201707168238
20173700040,-97.33512095125374,37.854109996288685
20173700050,-97.33449012394222,37.85447908238177
20173700090,-97.33339729875199,37.853716245243135
20173700570,-97.34877812011167,37.8499439808417
20173700920,-97.35395632073654,37.795964943569665
20173503000,-97.36110188246823,37.79589702166306
20173700460,-97.38333331015995,37.83946085339983
20173700330,-97.34977671622853,37.84235567426564
20173503260,-97.42508341414285,37.519559653947525
20173500380,-97.23816807058911,37.65584228704516
20173500400,-97.23358372443779,37.66139390199898
20173500390,-97.23612212554495,37.64634560604149
20173502570,-97.20273901924159,37.606476608848816
20173502600,-97.2267621754122,37.64725996444641
20173502580,-97.23471067336185,37.639627484514136
20173501050,-97.42452222921648,37.65260000464899
20173504020,-97.44760062551026,37.62998174493827
20173501060,-97.45524984025981,37.65378520763712
20173501660,-97.47904841521925,37.715997301684006
20173501690,-97.48516018888341,37.72605422894508
20173501710,-97.48560652940941,37.716703105162665
20173502180,-97.51398127849555,37.71671697677352
20173700260,-97.53816850852998,37.781470676230235
20173502370,-97.26547641862555,37.53430671304202
20173502400,-97.25064649736571,37.53224315289628
20173502380,-97.27129587782137,37.52434532778227
20173700780,-97.37207624960173,37.81047838928761
20173600090,-97.38566643734468,37.82850429891215
20173700790,-97.39781025146321,37.82504746811536
20173503670,-97.3522484124353,37.57332912342199
20173700510,-97.38188831898653,37.607358394108786
20173502760,-97.37221895023663,37.559775281952945
20173502750,-97.3771089306634,37.54614134141678
20173501290,-97.38190792834004,37.62348064535804
20173700960,-97.48608751972665,37.77911222433151
20173503270,-97.37716948228145,37.56418763081391
20173700800,-97.16895863787413,37.65562526981035
20173700620,-97.22193168832102,37.768696797226305
20173700500,-97.22384020889552,37.6481916131738
20173700810,-97.23848662987116,37.63164301428324
2019100041A,-97.4126084148786,37.278023502683595
20191900010,-97.37188741582932,37.270848302200065
20191900020,-97.38856542543978,37.324432889549776
20191900040,-97.25831976920365,37.475297912535396
20191000150,-97.3113195987454,37.17394604593461
20191900030,-97.52108084079299,37.22143489066027
20191900060,-97.33094098738876,37.46879926837744
20191900050,-97.26921139570051,37.473645019447794
20191000010,-97.31225755378539,37.26122801765109
20191000420,-97.42598911909536,37.25762821457446
20191000170,-97.31635566063,37.34222810459735
20191000250,-97.21561246388929,37.35530701036641
20191000020,-97.29302376214463,37.42088820239825
20191000200,-97.41356090245316,37.433473052238206
20191000140,-97.18749725241194,37.423020164011476
20191000030,-97.74764293622427,37.06193756946143
20191000210,-97.7476327209884,37.16906451282097
20191000060,-97.6384834887607,37.06300524803591
20191000040,-97.60666151071557,37.028933931921046
20191000050,-97.60958388963013,37.03782158230688
20191000070,-97.63810843087656,37.16971086690957
20191000260,-97.63837731536192,37.256421101074245
20191000110,-97.5293404342821,37.17015231648624
20191000290,-97.63918431542365,37.34382168320305
20191000080,-97.64203042292328,37.431111496894836
20191000090,-97.74864554914437,37.34302270765457
20191000120,-97.752065418107,37.43038269776143
20191000180,-97.53255416849356,37.43177178953396
20191000100,-97.74734432568775,37.25631107238704
20191000230,-97.53056917215396,37.259061937299755
20191000130,-97.52811549730849,37.063152982002606
20191000280,-97.41928250096356,37.064087063052675
20191000220,-97.2458707937982,37.4721083920974
20191000240,-97.20213848175437,37.26439377263681
20191000160,-97.3106320587288,37.06457623602926
20191000190,-97.42018101107789,37.17282346161921
20191000270,-97.42173191193893,37.34714228788941
20191000300,-97.5304733637142,37.344704997342674
20191000310,-97.20342626888444,37.1733951557911
20191000320,-97.20238791326372,37.06408389796663
20191000360,-97.38320355779591,37.269734981231714
20191000340,-97.39018265731647,37.282754676073
20191000350,-97.39897727360399,37.27643297614543
20191000400,-97.40345566271772,37.27963071733351
20191000380,-97.3991211915755,37.260314509094144
20191000370,-97.38654381582592,37.25897909190702
20191000390,-97.41054842264765,37.26233018067183
20015000450,-96.9895160770571,37.6067903933617
20015000410,-96.88031288485476,37.693964808689344
20015000290,-96.77077424367762,37.69378015315424
20015000080,-96.88059388088213,37.60678615755615
20015000300,-96.77100637685712,37.60661373380241
20015000380,-96.88074709841247,37.519546007877445
20015000110,-96.77077745989223,37.51943610248975
20015000440,-96.62081615504604,37.51986089185488
20015000270,-96.62079512228703,37.60692081515889
20015000260,-96.62084879969609,37.693980781036906
20015000280,-96.85909264856427,37.9841745048662
2001500016C,-96.8252593761921,37.769076761010574
2001500016B,-96.81709585739715,37.77558513432918
20015000360,-96.71507258064075,37.819226160395054
20015000390,-96.62088977215404,37.78124756966692
20015800050,-96.66429171786284,37.919428470868425
20015000100,-96.65454933895218,38.028237142969076
20015000430,-96.98932925147818,37.781224564781255
20015000200,-96.85967214730047,37.82098152268764
2001500023B,-96.88855000342612,37.82030959124522
20015000220,-96.87223685441619,37.81193470731935
20015000170,-96.8558362390582,37.802733746318964
20015000180,-96.86432318965343,37.80920091309077
2001500016A,-96.85090765804182,37.812797086035104
2001500014A,-96.84383760302451,37.823900154746724
2001500030A,-96.88508457037462,37.83732611327595
2001500023A,-96.87350734668544,37.82751997897815
20015000210,-96.86409362411963,37.829325121856726
20015000190,-96.85492638809771,37.828775359394726
20015000330,-96.88058566432412,37.809148590189125
20015000070,-97.09851151628472,37.78158695437557
2001500015A,-96.84128185000739,37.83982597589165
20015000340,-97.09545501386917,37.60653136742925
2001500006A,-96.99132519941493,37.69394950573149
20015000050,-96.96668703221053,37.70475580183553
20015000250,-96.98723896586611,37.86843991271087
2001500004A,-96.9775884074306,37.70098885327498
20015000320,-97.09730395003963,37.86889742022061
20015000350,-96.98722034331934,37.95559102862022
20015000310,-97.09742776040545,37.95623423250425
20015000120,-96.97806808203518,38.04258350626537
20015000030,-96.96960566763678,37.68884902753598
2001500002A,-96.9778154237241,37.68024307141127
2001580010B,-96.98232972794665,37.664429508358545
2001500001L,-97.11475685444023,37.721296836684715
20015000240,-97.09752761962248,38.043525685385845
2001580030B,-96.90562253360284,37.82149055224676
2001500001N,-97.11798599334122,37.67627251086989
2001500009F,-97.14190468030574,37.66856705235871
2001500009E,-97.14188535233068,37.67764574023129
2001590000A,-96.87853708665745,37.80334686342309
2001580030D,-96.90713436597159,37.81678097550983
2001580030C,-96.90248136632012,37.81788280920425
2001500001A,-97.13601509695715,37.71225871882732
2001500009C,-97.14887485551604,37.705905093469035
2001500004B,-97.05629724916548,37.7093773516689
2001500009A,-97.0865329335094,37.69392642141661
2001580070A,-97.13960463107423,37.60298532860421
2001580070B,-97.12265500827438,37.58663934879207
2001580070C,-97.14825854396322,37.57407784616056
2001580040A,-97.1430303587192,37.55683943005505
2001580040B,-97.15032806962827,37.54994073413402
20015800060,-97.11951656163166,37.66304603153833
20015000090,-97.14819479329444,37.7156791766488
2001500009H,-97.13113789636253,37.68143836881611
2001500009I,-97.12549201318019,37.67817802001745
2001500009G,-97.15079493619244,37.668652012752155
2001500001B,-97.13598793153997,37.66622155024259
2001500001O,-97.11030308444508,37.659679098156666
2001500002B,-97.04709437418641,37.67752657731471
2001580010A,-97.07916441490103,37.680911430872285
2001500002C,-97.07828178674002,37.672822795983166
20015800040,-97.08398739849726,37.555769725754885
2001580070F,-97.125681642283,37.57821163559599
2001580070E,-97.13596388832309,37.5904797302504
2001580070D,-97.1478913744934,37.552448104806935
2001580020B,-96.83378978948281,37.849751065025536
2001580020A,-96.84862200530037,37.85991559401304
20015200010,-97.13251681191065,37.56500040556313
20015200020,-97.0984946844505,37.512042469328016
20015000130,-96.98960877150598,37.519421798340176
20073900020,-96.28546872038345,37.81242241791794
20073200010,-96.36520042955632,37.91637784880851
20073200020,-96.45577026851113,37.886983159858524
20033000040,-99.48211177894952,37.177916754237586
20033000010,-99.3125232386123,37.084997306238975
20033000020,-99.20198491814435,37.20132498568027
20033000030,-99.11041257650187,37.34023362400046
20073000130,-96.4305802179993,38.02160038164195
20073000070,-96.19992497407178,37.98472854325754
20073000010,-96.19682999595982,37.83898490601261
20073000060,-96.19786354970627,37.72220800846171
20073000140,-96.04100669648612,37.66570239839898
20073000030,-96.28429078291829,37.81841104479967
20073000020,-96.30719232915523,37.840062705465414
20073000120,-96.04980134659652,37.8665809363015
20073000150,-96.01311112979968,38.1061249054821
20073000180,-96.2302309481947,37.640849046569116
20073000110,-96.04405252695499,37.77850252876227
20073000100,-96.41124037018074,37.681824991058406
20073000080,-96.01320281220539,37.9753027305694
20073000090,-96.21034471508423,38.115133029543564
20073000040,-96.29859717474682,37.82820186396172
20073000050,-96.28686840935816,37.82621513810213
20073000170,-96.44360339414169,37.781420687560505
20073900010,-96.2912282832928,37.850653000547226
20095000020,-98.19045788035946,37.51555581146992
20095000070,-98.41007234888245,37.68885448670889
20095000190,-98.13669758895345,37.60260972846665
20095000230,-98.41015441788961,37.60156145663314
20095000040,-97.9715134649646,37.429197649147305
20095000090,-98.30076638745057,37.68885732139919
20095000250,-98.08100869655762,37.428388569973315
20095000240,-98.3004697083535,37.60164278579488
2003500051B,-97.01876654964956,37.22146218022799
2003500053B,-96.87069897109478,37.35445431140633
2009500027A,-98.07852256112132,37.69261259224562
2009500014A,-98.10540212863586,37.65206107193491
20035000520,-97.0110681259434,37.24320093230741
20035000550,-96.96226227751785,37.23715304903687
20095000120,-98.19108774283224,37.689499490695
20095000150,-98.1223524040784,37.65925599874099
2009500027C,-98.12832695530727,37.65365464239636
20035000570,-96.96609448638216,37.24700783531625
2003500053A,-96.9747358976504,37.25651926827791
20095000170,-98.1249529736349,37.63679162466393
20095000200,-98.30029898903996,37.51471625172679
20035000540,-96.98794333469847,37.2519066893842
20035000440,-96.98019315627504,37.242145266099655
20035000470,-96.98439520422387,37.23490196757831
20095000110,-97.97237884009435,37.69045552173284
20095000160,-98.10617433388903,37.639274276982135
20095000060,-97.97219694176428,37.6041858109517
20035000450,-96.99149383776049,37.2419556061589
20035000490,-96.99448659287737,37.23468955281379
20035000460,-96.98928526788103,37.23500761078243
20035900020,-97.04404493453298,37.09774849150234
20035900030,-97.02954386096097,37.065380649137616
20035900040,-97.02394921457986,37.063152312099035
20095000030,-97.86204257530558,37.429804288807745
20095000050,-98.19044151103762,37.4277640853654
20035900010,-97.0368322119652,37.13505314724586
20035900050,-97.01726520732036,37.03927180007754
20035900060,-97.03235765970615,37.104457313636104
20035900070,-97.02245545715739,37.21771266130431
20095000130,-98.4099871075878,37.51461323777679
20095000210,-98.08124244953903,37.51638418773594
20095000080,-97.97239217724717,37.516883176149285
20095000010,-97.86277992691943,37.51776474868347
20095000180,-98.40988912621475,37.427616680116195
20095000100,-97.86270979880881,37.69012872860091
20095000260,-97.86302997310514,37.604129912615406
2009500014B,-98.10798009921409,37.658020245497454
20095000220,-98.30027404007578,37.42771832099712
2009500027B,-98.13004336346087,37.661027926573944
20035000190,-96.68245299665551,37.18824937780114
20035000370,-96.7778247579472,37.063794887428465
20035000250,-96.84272297360215,37.17173647302683
20035000280,-96.76897610952975,37.432434519816205
20035000500,-97.01091931437114,37.23446096261024
20035000480,-96.9917072449242,37.22222263961112
2003500051A,-97.01034393807709,37.218894102232134
20035000560,-96.99113276093453,37.20747305065801
20035000380,-96.87025977641491,37.25877497926995
20035000260,-97.09669335872984,37.43308112019107
20035000350,-96.77045203175443,37.34531898281813
20035000310,-96.87847300081843,37.425542197373645
20035000340,-96.77021747370293,37.258636527541626
20035000430,-96.6205941201176,37.32376384016102
20035000200,-96.98616283953052,37.01879144884184
20035000360,-96.8769810218524,37.06343485470393
2003500001B,-97.01434107066721,37.06891933196596
20035000320,-96.98755559145019,37.43279680466228
20035000220,-96.98822689327075,37.346354301688706
20035000330,-96.88070102393284,37.3359451043308
20035000400,-96.96267572319299,37.255756679239326
20035000270,-97.09665160444176,37.346861801375866
20035000240,-96.61945263054734,37.43241230194161
2003500042A,-97.06520086481136,37.10958751662322
2003500001A,-97.02754039665928,37.070008219772454
20035000050,-97.01980025901769,37.060493154482074
20035000120,-97.0435394710183,37.06622466352766
20035000020,-97.03577772688818,37.07249994468176
20035000030,-97.0303571688689,37.08010361580244
20035000210,-96.97261266869849,37.067602267131285
2003500001C,-97.00239783613165,37.07643592713969
20035000140,-97.04418407501679,37.072397685803764
20035000150,-97.045438363456,37.09112394370636
20035000040,-97.03230924222301,37.09213202152596
20035000090,-97.04111174721791,37.05875434834284
2003500006B,-97.01427822718074,37.05225581521816
2003500006A,-97.03089350574622,37.05281844088666
20035000080,-97.0285780509746,37.046167557607944
20035000100,-97.04797633255275,37.048122144898535
20035000070,-97.03599076264497,37.044884897390055
20035000110,-97.04893537958746,37.0587205271804
2003500041A,-97.10319912705563,37.04794791993465
2003500013A,-97.0564818145686,37.079510704173146
2003500041B,-97.05279326550779,37.05416203313276
20035000390,-97.08997635967835,37.25931658148438
20035000170,-97.09525832701458,37.17240076583951
20035000300,-96.98183724981232,37.15949485316018
20035000290,-96.5665043299823,37.17625532666158
20035000180,-96.58800123981979,37.05374503389282
20035000230,-96.68689824115269,37.06281043885772
20079000110,-97.31796411585577,38.13039778819985
20079000280,-97.34719250870664,38.07674984870919
20079000320,-97.20839565096092,38.13085915847943
20079000250,-97.36872546555136,38.05061558566615
2007900019A,-97.36803634212959,38.03565598045513
20079900010,-97.67135324281081,38.02374385396269
20079000150,-97.32763279184408,38.0515024812826
20079000200,-97.3304989137978,38.04530324630373
20079000180,-97.35615093854007,38.04555997308971
20079000230,-97.35496893541001,38.051136284459794
20079000160,-97.33385341749387,38.05268120899322
20079000170,-97.3347182187343,38.05877389846915
20079000260,-97.35223190605451,38.055232135250115
20079900030,-97.25820198478695,38.11940302069973
20079000210,-97.32318554121014,38.038209121511876
2007900022A,-97.33340566982193,38.03190887913988
20079000290,-97.2082463533852,38.043383891157696
20079000300,-97.20804026633373,37.956233636614726
2007900027D,-97.360913079436,38.02818346830918
2007900027C,-97.33905739890778,38.059801305954146
20079900080,-97.31657421921314,38.03904837354909
20079900070,-97.31703344534469,38.034780274427334
20079900060,-97.35697865181598,38.01947531299872
20079900050,-97.35580166498798,38.00591426774259
20079900040,-97.65921994029023,38.02599998341233
20079000010,-97.64694782574512,38.13033730762456
20079000020,-97.64636589628326,38.043623673329826
20079000120,-97.64701511313199,37.956027184806814
20079000310,-97.42721626514174,37.95711205688517
20079000030,-97.31760688550195,37.95560473057074
2007900027A,-97.36465706921526,38.07411646456536
2007900027B,-97.29644134474782,38.04457742955492
20079000140,-97.42878768339706,38.04340363408582
20079000040,-97.42755317621142,38.12895179407221
20079000050,-97.53705201492983,38.13039937919835
20079800010,-97.34880570437767,38.016811999214056
2007900010A,-97.41694823858857,38.1426868440909
20079000090,-97.43364101438422,38.13445331107278
20079000080,-97.53753167481736,38.043958794215946
20079000060,-97.51101024960965,38.00418205604795
20079000070,-97.50811450712341,37.99535744375971
20079000130,-97.53754571519025,37.955254935818985
20079900020,-97.42095812024424,37.91751645626407
20079000240,-97.35472254831627,38.063544538263336
20077900070,-98.04101207299739,37.27556045324517
20077900060,-98.01929050826521,37.29626050938556
20077900050,-97.9908528622912,37.15039339695954
20077900040,-98.05367503804901,37.12143241855023
20077900030,-98.04399245294869,37.13129955266879
20077900020,-98.07952769154649,37.15883440051384
20077900010,-98.05140588874518,37.18103765030128
20077000030,-98.03490659915656,37.14850191433582
20077800020,-98.07834984191325,37.098665917192214
20077800040,-98.08486432544953,37.25333159615388
20077800060,-98.08514464158363,37.340973245410346
20077000100,-97.87530446443435,37.09555995321963
20077800050,-97.92215329058664,37.34194802466548
20077000080,-98.2385748726758,37.08218706214721
20077000070,-98.2394851623674,37.27554785326505
20077000060,-98.03506229797989,37.28368992284969
20077000050,-98.01976964945398,37.28598907978321
20077800030,-97.91940026310273,37.25419937512598
20077000020,-98.03781485455272,37.15966731153251
20077000040,-98.0247626830461,37.148602916626544
20077000010,-98.02472251986269,37.15888891943918
20077800010,-97.98043513844112,37.125995894535954