20209601100,-94.87545904161625,39.18185784122088
20091004030,-95.00053072435793,38.750380326548104
20091901570,-94.81952013215404,38.83979769147371
20091900600,-94.78722145339897,38.84464644734335
20091901020,-94.71209241789153,38.876414363322674
20091901100,-94.69349510672596,38.87644378161882
20091901110,-94.68155140838111,38.876494090730304
20091901090,-94.67220823842929,38.87643819563186
20091901060,-94.65691106701395,38.876261953431914
20091900330,-94.63919133047277,38.87672976079317
20091001520,-94.79389120145743,38.89971383956568
20091001500,-94.75153830713501,38.90200725033497
20091001420,-94.76778287239883,38.90852008694929
20091001450,-94.77567985513498,38.901262992332406
20091901630,-94.79443886560347,38.846109195489916
20091901680,-94.77746000312024,38.84336702701264
20091001040,-94.78477245492175,38.85141126022006
20091001330,-94.77242225644586,38.85144829070899
20091900820,-94.76554222448321,38.84568773860442
20091900800,-94.75419766705859,38.851175866036684
20091900280,-94.61930076626902,38.87649997556255
20091901030,-94.73296413658754,38.88767691280833
2009100222A,-94.73313330992168,38.89493978772507
2009100222B,-94.71920038947897,38.891172395993124
20091002230,-94.71014898716881,38.895578723329514
20091900880,-94.75596625801774,38.909217803604264
20091001510,-94.74673459985765,38.90947486538423
20091900890,-94.75170044559077,38.916479502529796
20091001490,-94.7468688466423,38.92379417378961
20091002120,-94.73295460834866,38.92013572977032
20091002130,-94.71890934505049,38.92013676934402
20091900840,-94.74633144075611,38.84633175535708
20091004300,-94.7405588230134,38.84363178500826
20091900810,-94.74138277955453,38.84073557612892
20091901130,-94.71210256896845,38.83097726556996
20091901040,-94.70761188224154,38.88828776024558
20091002240,-94.69339372222981,38.887860107653665
20091002160,-94.69557064216724,38.8952125711651
2009100242A,-94.67950545492516,38.88923068426223
20091002070,-94.6888148498265,38.920379201813944
20091002030,-94.67734020418364,38.91727400251278
20091002080,-94.67358506303809,38.92294206305605
20091901140,-94.684708627085,38.805235306955
20091000020,-94.64204043046202,38.80452048531327
20091901070,-94.65609197747297,38.88685712145267
2009100242B,-94.65978231269244,38.8932165517572
20091901080,-94.64715655144482,38.88779744500382
20091900320,-94.64390795325237,38.891769701627986
20091000370,-94.63519064728398,38.89102863301569
20091002050,-94.714303742006,38.931279668150296
20091001910,-94.69567290470704,38.934757339531615
20091002010,-94.71145057707275,38.938207008517324
20091002000,-94.7193391434825,38.939193994131166
20091002020,-94.67647635702399,38.93772899002564
20091901250,-94.61346628214054,38.80454498736977
20091901240,-94.6181885804529,38.814387793527736
20091901230,-94.61811264747901,38.820205111832735
20091901310,-94.60963104744857,38.82683000895691
2009100249E,-94.61434535685297,38.83753106502014
20091901300,-94.63120369592701,38.829047134116756
20091900270,-94.62038929391733,38.88880315439124
20091900260,-94.6178200087739,38.89495272596346
20091000350,-94.63939429541175,38.901200765901216
20091001900,-94.65818916018077,38.936554360099066
20091001880,-94.65328609662805,38.94580433651016
20091001870,-94.66241857777496,38.94575010776181
20091002300,-94.65347472241832,38.953219074905235
20091001850,-94.66296093996814,38.9530041824605
20091901170,-94.64096369785393,38.833398785919016
2009100249F,-94.65746687381879,38.83228283793262
20091901150,-94.67165874831666,38.826923841771325
20091002470,-94.66477995590664,38.846037084691496
20091900300,-94.63458066364801,38.90842941585355
20091002410,-94.64414733428514,38.908157032840215
20091002400,-94.65391096977785,38.90547010749615
20091900310,-94.6267445922154,38.904349207358294
20091002060,-94.67886407580237,38.92920885942452
20091002370,-94.65710942498237,38.91916188971402
20091900230,-94.64436133839368,38.92021946003899
20091901210,-94.65641950247834,38.844026814078155
20091002460,-94.65656449657689,38.85145474439681
20091901550,-94.82030898284202,38.862678676117916
20091900250,-94.6145119328098,38.90143374195232
20091900240,-94.61689843948263,38.90767997792137
20091900220,-94.61691529584603,38.911303231871564
20091002390,-94.67479114028903,38.89842843251192
20091900210,-94.6337622208982,38.922859569285144
20091000270,-94.61875963301878,38.92290509869224
20091002040,-94.73054348305459,38.93121811137863
20091001990,-94.73168131786244,38.938291334267866
20091001070,-94.79964907635669,38.85980243486972
20091001030,-94.79268134793288,38.86600323661118
20091001050,-94.78388686627947,38.85884779890255
20091001380,-94.78087091736883,38.865595691415315
20091002380,-94.67958865132239,38.90947150062574
20091002210,-94.69662540924878,38.90183704206423
20091002200,-94.69760559061453,38.90824918968519
20091002190,-94.70853636113075,38.903698861195565
20091002140,-94.70856460130106,38.91945197414481
20091002090,-94.69086890463221,38.9101310160949
20091002150,-94.69824838884387,38.91975233809611
20091001950,-94.69472959315847,38.92358625874158
20091001100,-94.77582114976914,38.858104870942576
20091001320,-94.76693194714393,38.857105871653864
20091001350,-94.77258927075363,38.865359780610824
20091001390,-94.76511411947112,38.863874326788356
20091900790,-94.75582413290009,38.86120050521337
20091002180,-94.71659176464011,38.906227921845854
2009100217B,-94.72795579215581,38.90648963616759
2009100140B,-94.74693738552962,38.86277914298207
20091001340,-94.73122319951598,38.85929843593849
2009100226A,-94.71071355408552,38.862536176982395
20091901180,-94.69498703245061,38.85793747810328
2009100217A,-94.7342243332923,38.9023581317634
20091901050,-94.73496812992309,38.91045527561801
2009100147B,-94.75166598015561,38.8908915847425
2009100226B,-94.69568402332348,38.86475085119883
2009100244A,-94.68198498306373,38.861949200544814
20091901190,-94.67267602336055,38.861832448243085
2009100244B,-94.66361450987334,38.86137374569911
2009100147A,-94.77634724335603,38.88901004767086
20091001480,-94.77114534661393,38.89504572461522
20091001280,-94.80279070794919,38.88664885587363
20091001260,-94.80233152595312,38.89424662507534
20091901200,-94.65489984895909,38.863194683386304
2009100249C,-94.65169471334842,38.856585045414604
20091900290,-94.62229608031349,38.861228880574686
20091901160,-94.62313348151095,38.843762011571044
20091900350,-94.63975670841052,38.85106390216106
20091900340,-94.63987159997704,38.86195409014476
20091001150,-94.81052944722872,38.89124529819841
20091001250,-94.80703274298322,38.902589189767745
20091001160,-94.81973526704115,38.89108488936676
20091001200,-94.83053330398106,38.89136899281492
20091900700,-94.82975144576233,38.90189398688322
2009100153J,-94.89509516602544,38.87715497613518
20091901560,-94.83542506635072,38.843592464446026
20091901810,-94.86264170303708,38.86076793203349
20091001220,-94.86085812932895,38.891409861868716
20091001130,-94.83925068298385,38.87323697803792
20091900760,-94.82512333897839,38.90902544757985
20091004180,-94.85090068041028,38.90935505124938
20091900660,-94.84092985847619,38.9091128868189
20091900740,-94.8487750914024,38.911900692230915
20091900680,-94.85234923657872,38.89805050337762
20091900640,-94.84887094872008,38.87600930369223
20091001210,-94.84023486713333,38.88073710689758
20091001090,-94.8285433041931,38.87435936000126
20091001000,-94.8059260801496,38.880845781544664
20091001010,-94.80158408370579,38.87243672095346
20091901720,-94.88858378729446,38.897913521052565
20091004140,-94.87060509543994,38.91398188734676
20091901660,-94.87452288404754,38.91820351881483
20091900670,-94.87765374365809,38.91831491540741
2009100117A,-94.89316573498365,38.93538314508504
20091901650,-94.84372518089764,38.926923224245506
20091001270,-94.89237245386748,38.857197829718295
20091001360,-94.78578038334891,38.873057135633985
20091001300,-94.78707937405113,38.879607587640045
20091001310,-94.76997994970827,38.872632533089494
20091001370,-94.77052862039803,38.87989017812696
20091900710,-94.82150728111054,38.9342841802028
20091900750,-94.81996722742146,38.91927204068994
20091001240,-94.80221202066922,38.908706862621095
20091901860,-94.89125556233985,38.8653599058212
20091900100,-94.93259683583844,38.84398691182882
20091900180,-94.94985127332603,38.82452729539634
20091901840,-95.01131338229615,38.80545902276817
20091004040,-95.055865,38.76001899999999
20091900080,-95.01966951057935,38.76066298187913
20091000090,-95.01257123795106,38.76188865628388
20091100030,-95.0202682562627,38.76693337083794
20091001410,-94.75650636920251,38.875230879916806
20091900830,-94.74780980086544,38.87726474085517
20091901000,-94.73031875999762,38.8752631312206
20091901010,-94.73787678607991,38.87839149223495
20091900870,-94.80341462376,38.92742544507457
20091901710,-94.79179286743904,38.92563281440245
20091901700,-94.7875513254177,38.90312757316546
20091000660,-94.73533971957406,38.96010790007921
20091900450,-94.74471309896879,38.967043784883494
20091000620,-94.73436139615761,38.96789139300793
20091000650,-94.72908602020645,38.954599100224264
20091000930,-94.66107891848434,39.02595701734945
20091000900,-94.65323671836674,39.0288420940781
20091002730,-94.64525757864725,39.02731240845956
20091002720,-94.64400848952181,39.03130208112343
20091901320,-94.63986799065665,39.03217371989615
20091002690,-94.64453166534778,39.03492324938968
20091002680,-94.64534160997479,39.03996226752178
20091002980,-94.82454438122807,39.03555941609459
20091901360,-94.83219751837869,39.03949253370684
20091003020,-94.84735839771949,39.04050856351862
20091001780,-94.71428769095208,38.960195475590645
20091001790,-94.6998470061343,38.959792494451584
20091001800,-94.69101663419241,38.96079484094306
20091001810,-94.68167864337894,38.96007129580193
20091001740,-94.71127507610231,38.967339761937126
20091000880,-94.65416645010185,39.03728543024844
20091000890,-94.6615123044973,39.039736791421916
20091000920,-94.665412246251,39.0345419288566
20091002960,-94.83552253011642,39.04941927828039
20091900030,-94.85786468041407,39.05654136507785
20091901370,-94.87863480502986,39.01001780276223
2009100117B,-94.89818004287766,38.97514480844387
20091901940,-94.98910136263288,38.92084009289575
20091901850,-95.00098948466236,38.97735502222278
20091001690,-94.69330174985392,38.96757030707232
20091001750,-94.68171749758723,38.96730871690791
20091001820,-94.67237335955879,38.96022199852255
20091001830,-94.66298935852778,38.960371284056016
20091002290,-94.6536809218777,38.960406199844414
20091002640,-94.63997955605281,38.96044270486063
20091001540,-94.67836836100871,39.035477576079224
20091900520,-94.69366392846344,39.02173127092818
20091900510,-94.69957230587613,39.02856295256085
20091900420,-94.88013188127573,38.97288425655982
20091900390,-94.88215844342962,38.95449783797971
20091000560,-94.90888132601964,38.96605169689581
20091004100,-94.95366824101689,38.95062199776307
20091900040,-94.93275335395973,38.97121404746926
20091001760,-94.67237277438653,38.967530721645915
20091001770,-94.66298090849126,38.96765296398349
20091002280,-94.65365803463575,38.967688373379985
20091000220,-94.62472988993925,38.96231531071942
20091000230,-94.61308594522492,38.96445337332561
20091900500,-94.69516516488555,39.03707942458592
20091900490,-94.69585583045067,39.04221601890703
20091002780,-94.72183844104093,39.03270901331578
20091002770,-94.71009198850464,39.0336468511198
20091002760,-94.71505401367104,39.04035195455559
20091000070,-94.9846400885924,38.97385414777863
20091000080,-94.97598475963456,38.96189575499872
20091900060,-95.00379488465421,38.94665453885702
20091000210,-94.62170860816384,38.972853495016246
20091002630,-94.6347603480077,38.97050864400531
20091002620,-94.64362370979647,38.973071101361896
20091900990,-94.65364635459181,38.9749513892074
20091002790,-94.74344654835365,39.033697785331505
20091002800,-94.73941998005924,39.040350184553944
20091000190,-94.76840497820461,39.03645618153255
20091004070,-94.91296694571392,38.9767202499931
20091900730,-94.91881471396442,38.98148412529717
20091001290,-94.92469449990952,38.98414731811637
20091901910,-95.02186233608785,38.991621139171706
20091901950,-94.91579722353761,38.846146486408635
20091900170,-94.9599415794659,38.82222952654749
20091900160,-94.93939987854291,38.822141417320076
20091900090,-94.95891643252388,38.8308208038727
20091002600,-94.65368285281824,38.9822162664659
20091001720,-94.66299889408434,38.978560383449654
20091001710,-94.67234494269212,38.97855685983945
20091001680,-94.68063357116363,38.97411105758977
20091001670,-94.68223882806434,38.98083583910934
20091002820,-94.76248358370768,39.02173528427787
20091002810,-94.75255711337748,39.02555128833642
20091002910,-94.71464758063416,39.026082290296486
20091002830,-94.73720900961119,39.025778778776605
20091002890,-94.73676848182347,39.01831600785162
2009100014A,-94.93609926112521,38.82258897315464
20091901730,-94.9027286761046,38.81636843613001
20091900570,-94.86484048653023,38.83459665098395
20091901970,-94.83561464309265,38.82305491867365
20091900620,-94.83921794265068,38.80820556651779
20091001660,-94.69024672637107,38.977354789672916
20091001610,-94.69341997989834,38.98939614853959
20091001620,-94.674718521438,38.98947810098275
20091001700,-94.66391228881305,38.9891980536387
20091002540,-94.65654547528966,38.99080853380347
20091002860,-94.72537698907706,39.02105642160285
20091002850,-94.71195063817206,39.01869029095373
20091002880,-94.73303643565966,39.011047681787595
20091002870,-94.71460216688226,39.01113250213635
20091002920,-94.71454098752909,39.00566220103431
20091002900,-94.73352717552609,39.00476032761008
20091001060,-94.80322922708663,38.833655437966456
20091900610,-94.78973794031623,38.83603267368972
20091900580,-94.78097358071133,38.83908321610877
20091900850,-94.77500702513818,38.836564884223975
20091900920,-94.76612260635119,38.83647507737492
2009100249A,-94.75277975408986,38.83516231586649
20091901120,-94.72934910253463,38.846912659142816
20091002550,-94.64870438082438,38.989469435451326
20091002610,-94.64332489850915,38.9846661335784
20091002590,-94.63484088985781,38.985860238008584
20091002650,-94.625937676363,38.98442657662414
20091003070,-94.72215989509466,39.00181771998989
20091003080,-94.70978861878949,38.99839468418221
20091003050,-94.71917286034228,38.996375838313114
20091003030,-94.7338320102123,38.99640553436859
20091000610,-94.73820055463868,38.987584395859784
20091000580,-94.72629935655856,38.98865678554631
20091003060,-94.71324515074362,38.98971382832232
20091900940,-94.7657864442555,38.82224459002516
20091900860,-94.77152970055431,38.821692071166986
20091901890,-94.78419888964685,38.81467411961098
20091901880,-94.79132193592491,38.82281128743941
20091900010,-94.75180259791097,38.81837851933359
20091900200,-94.62013586164029,38.93795671599595
20091002350,-94.63482960235024,38.940951719242406
20091900190,-94.61262909822938,38.94878647283308
20091000240,-94.6222833437166,38.94826348240038
20091002330,-94.62563589680819,38.9532330217591
20091002660,-94.62235578533155,38.99011497597526
20091000200,-94.61501708687203,38.98012092570548
20091002670,-94.61224749476709,38.98868107407325
20091002530,-94.64284899655046,38.997592099472634
20091002560,-94.63411288232379,38.99623578478763
20091001650,-94.69644560842855,38.98102323807822
20091001640,-94.7029521289742,38.98209515037024
20091001630,-94.70266298077074,38.973872675765335
20091000590,-94.71777718520863,38.979441476093044
20091901220,-94.72278659130352,38.79657553584973
20091900020,-94.75146155829226,38.78915559403405
20091900650,-94.85782053915166,38.816412259447866
2009100311B,-94.80961252589401,38.740178458049115
2009100311D,-94.80260369855463,38.780806766901364
20091901460,-94.80607147783378,38.773783627819945
20091002340,-94.64421232532905,38.94083900764996
20091002310,-94.64404298222193,38.95309276828167
20091002320,-94.63472378795451,38.95311908202462
20091001970,-94.69063594746379,38.94547490045633
20091001920,-94.69135090670129,38.9528634382949
20091001960,-94.700940282913,38.94691953686228
20091002570,-94.62362488279273,38.99632844223294
20091001600,-94.65837765533027,38.9967439926914
20091001590,-94.65892643372325,39.00413591537197
20091001580,-94.6715773682069,38.999039543703525
20091001570,-94.68012767388824,39.00118365376058
20091000600,-94.73327872622919,38.97549744711887
20091900430,-94.74349037372146,38.98175941505074
20091900360,-94.7550580535886,38.98251459599732
20091901470,-94.79493985188739,38.756492315773905
2009100311A,-94.81762275077166,38.762896900291054
20091000030,-94.71568156305231,38.75901985756907
20091901270,-94.61411121878868,38.77676299308798
20091901260,-94.61711598475004,38.78827950067957
20091000040,-94.63941332900269,38.75923560379827
20091003120,-94.81616604732257,38.7784560343137
20091001730,-94.70019273370018,38.9532889809482
20091001980,-94.67226948801078,38.9458867679518
20091001930,-94.68150797948478,38.945824739254824
20091001940,-94.6770244857577,38.95317547620247
20091001840,-94.71393192420221,38.952484926763155
20091900530,-94.6907592836038,38.99992592108715
20091900540,-94.70004309827577,39.000698390490776
20091900550,-94.69133307818888,39.01127082609207
20091001560,-94.66780464732422,39.01133423153856
20091000950,-94.653617387925,39.0114172514944
20091000440,-94.75051274256269,38.97502692061905
20091000430,-94.76424959748059,38.97482328532731
20091000450,-94.77521213290481,38.97864904851238
20091000460,-94.76564547134609,38.98557045572754
20091900150,-94.91925720464165,38.80625480128168
20091900120,-94.91785383896581,38.802961030339546
20091900130,-94.92837067207527,38.78732969112955
20091000160,-94.90022895865161,38.80574442085467
2009100014C,-94.9342740087344,38.805005262398936
20091901830,-94.91679953604874,38.770124873997744
20091001890,-94.7099125271093,38.94529931101719
20091001860,-94.71840169126054,38.94573073477882
20091000640,-94.72821922469683,38.945685811752
20091000630,-94.73957128475402,38.94315606275502
20091900460,-94.76518266784537,38.93668707644225
20091002510,-94.64509321011175,39.00383832728852
20091002520,-94.63483144117978,39.00516004197643
20091002500,-94.64033813088137,39.011811281292324
20091002580,-94.61432332022441,38.99745996814057
20091000870,-94.61810353838274,39.00405035541762
20091900440,-94.75163554023975,38.98916259855238
20091003090,-94.75132337904327,38.99620650204857
20091003040,-94.7471555807384,39.00460580252839
20091901350,-94.7529559561071,39.01136698262402
20091901330,-94.78083410495792,39.01515375231568
20091900110,-94.91399018445966,38.82790862142236
20091900050,-95.03372713979616,38.88969453974901
20091000010,-94.67226728804576,38.78891753505367
20091901290,-94.64896617201153,38.825628090193284
2009100153P,-94.86890919619444,38.85098354121325
20091004080,-94.94615647868572,38.953999158728664
20091004090,-94.93706452323394,38.954486262730356
20091900380,-94.7981695774892,38.95653276162233
20091900400,-94.836764159947,38.94678099267119
20091000860,-94.62460142697785,39.01142092136473
20091000850,-94.61357943003598,39.011042660068945
20091000940,-94.64390974518645,39.01961982465453
20091000130,-94.63506610286004,39.01878027674143
20091000120,-94.62643146921764,39.02167536115227
20091002930,-94.76686346166218,39.003630532002994
20091002940,-94.78810649554912,39.004296678880415
20091901440,-94.83722206030127,38.81040261179449
20091901620,-94.8215824368937,38.76091672076338
20091901670,-94.86885035124234,38.91589722508592
20091900720,-94.86290939153761,38.91526502871966
20091901510,-94.83926353148509,38.850514991467044
2009100153K,-94.86875178867504,38.88262330932016
20091004190,-94.78388616970227,38.83816541610567
20091900910,-94.79846066305178,38.829797682819176
20091900930,-94.76196656105748,38.82882452265745
20091000520,-94.82921711931706,38.957091619986116
20091900410,-94.83785364223223,38.96862225204197
20091901430,-94.84052116276061,38.97644879747495
20091000840,-94.61463782911673,39.0225939248366
20091000110,-94.63143271859047,39.02768034857206
20091000100,-94.6196089652257,39.03017964348664
20091002740,-94.63666816607854,39.030165621338256
20091901410,-94.78130520985567,38.99262093885034
20091901420,-94.82616778438155,38.99543308597661
20091900980,-94.79934800073626,38.8251474217165
20091901690,-94.7428189371197,38.846055905786876
20091901750,-94.99512460835315,38.776364591847695
20091901760,-94.9873728058363,38.785790393270176
20091901780,-94.83194750877718,38.83455044245698
20091901800,-94.83456057672494,38.84384287886217
20091901870,-94.7968523273001,38.8115037658468
20091901930,-95.0063600732723,38.9230392150601
20091901820,-94.94244158826291,38.80178042774677
20091901900,-94.96309441723116,38.79591892778301
20091002360,-94.62965154884817,38.85060633398448
20091901610,-94.81668147206578,38.765889693358865
20091900370,-94.80397982822977,38.978467489498726
20091900470,-94.75247384833662,38.95926141078401
20091000510,-94.7618560321289,38.96039671084577
20091002750,-94.62970824945627,39.03588818300504
20091002710,-94.62648105100199,39.04127764379016
20091002700,-94.6373484725271,39.0399495947805
20091000970,-94.61091289900926,39.03372408436029
20091003150,-94.61637085220299,39.036525919252334
20091901340,-94.80138542215309,39.0267186042667
20091002990,-94.82980386495674,39.01682456715153
20091901390,-94.83180766043338,39.025593908544145
20091000530,-94.77348008104703,38.96304125883213
20091000540,-94.76523703163679,38.96754124553431
20091000550,-94.75558752182648,38.96759246458518
20091900480,-94.7486251939053,38.96384566736793
20091003130,-94.60965857169579,39.03891859068761
20091003140,-94.61492408641513,39.041867185663996
20091000910,-94.65341011201235,39.02223515712112
20091000960,-94.6595348870108,39.01740325063991
20091900560,-94.68195641278922,39.022482778210055
20091001550,-94.67136889873562,39.023552994339134
20091003010,-94.84654302265685,39.01807869400239
20091901400,-94.86291538578962,39.01455201274499
20091901380,-94.86273995735006,39.0368380800731
20091003000,-94.8469742475045,39.03330211858324
20209600150,-94.62416706058954,39.11975629869932
20209600100,-94.61867182898101,39.12113351794167
20209600090,-94.60720405318934,39.141478933314644
20209600110,-94.61330986264792,39.10590989823492
20209601050,-94.81617335756864,39.16503441132353
20209601030,-94.77767016605455,39.16423916780311
20209600510,-94.73230508238198,39.09170576830815
20209600840,-94.69941879327756,39.04987020692386
20209600850,-94.70772166682995,39.05840593973209
20209600830,-94.69106975466077,39.0492205611156
20209600820,-94.69112071680073,39.05967951790131
20209600810,-94.677360589864,39.05038495720357
20209600800,-94.6620676075407,39.051051302134056
20209600380,-94.67328146130536,39.06611703558186
20209600400,-94.69731588219676,39.074353931629474
20209600390,-94.68237829133226,39.07065938819229
20209600360,-94.66712906962546,39.074735135174706
20209600340,-94.65586646754033,39.06900547558188
20209600370,-94.66190683728544,39.06217554497206
20209600790,-94.64632381564992,39.05501660993913
20209600430,-94.6137161782316,39.046975200021194
20209600420,-94.61414392513666,39.051726088870886
20209600770,-94.62737962643769,39.04836232578533
20209600780,-94.63582636830677,39.04905689438723
20209600410,-94.61057911931965,39.06237939456145
20209600440,-94.62694926359426,39.05770756685959
20209600320,-94.62210949173583,39.071531375443364
20209600330,-94.6460620004714,39.069890074195975
20209600300,-94.62409777501635,39.08626314521135
20209601040,-94.81554434052427,39.18875927209019
20209601090,-94.87053375561092,39.146309124009434
20209600350,-94.68678375021209,39.08802558932859
20209600310,-94.65134642562995,39.08806760499131
20209600280,-94.63927756226572,39.095927717342896
20209600590,-94.66038652473111,39.1415150143214
20209600760,-94.84543848142407,39.11879177998987
20209600040,-94.87797657321998,39.09457429375987
20209600030,-94.89525859329608,39.07537955538592
20209600250,-94.62383265208251,39.09986935971871
20209600260,-94.63165172642789,39.10300340393297
20209600270,-94.63765162445732,39.0993093713186
20209600290,-94.64529486499828,39.102380936855624
20209600240,-94.64287710853935,39.107912255486035
20209600220,-94.63388063850724,39.11315947712402
20209600210,-94.62631617594033,39.11190980522547
20209600010,-94.88063281210141,39.06360180448079
20209600020,-94.89746005158815,39.0535883433265
20209600060,-94.90009414711821,39.021610481270216
20209600230,-94.64226004323942,39.11309952771696
20209600450,-94.65566902647798,39.112720851752144
20209600470,-94.66729400279526,39.11018749509585
20209600480,-94.69608235806211,39.10941999364567
20209600050,-94.84794936272421,39.07918655584213
20209600080,-94.81883711358046,39.08461422222453
20209600490,-94.71636444643799,39.10049951234664
20209600460,-94.65752885119824,39.10242348186191
20209600630,-94.6610811715763,39.119676407843556
20209600160,-94.63447733140427,39.12100552769339
20209600070,-94.81074037375899,39.05522272313883
20209601110,-94.7697808932932,39.04644252613521
20209600860,-94.73920527196407,39.060785611308106
20209600580,-94.77742451669236,39.07124005802118
20209600570,-94.7541079145679,39.08623490760283
20209600200,-94.64261543058251,39.12511150942594
20209600620,-94.65574794090249,39.12407172846065
20209600610,-94.66434023270907,39.128496362724796
20209600670,-94.67893825516228,39.121473318791246
20209600650,-94.67376619734708,39.12983070508808
20209600560,-94.7732466669484,39.0951787979077
20209600550,-94.78596966619155,39.109752599068585
20209600540,-94.76981361197397,39.10575051859705
20209600530,-94.76548473075243,39.11316049620298
20209600750,-94.78846263261656,39.122482780927655
20209600190,-94.646725802232,39.131616512775054
20209600600,-94.65505340149916,39.131634470043856
20209600180,-94.64882379644182,39.1393366577633
20209600660,-94.68781055233919,39.132378141133415
20209600640,-94.67653639756264,39.13970065650645
20209600740,-94.77331086980206,39.12202983217855
20209600730,-94.76398697810178,39.123517533219626
20209601020,-94.77231870521935,39.13395607576186
20209601010,-94.76172106086308,39.135815322728874
20209601000,-94.75305968746105,39.13375944105901
20209601080,-94.82984164668736,39.134430833000415
20209601070,-94.83399009164827,39.14814304515903
20209600990,-94.74943125046038,39.13800667011246
20209600970,-94.73972996896009,39.13865061225001
20209600950,-94.72696780684069,39.13209021105059
20209600980,-94.74144041047542,39.13112004517043
20209600940,-94.72782238417427,39.13961154444205
20209601060,-94.80504892346735,39.142231537975135
20209600930,-94.72916396362312,39.15038852163847
20209600960,-94.75119469780365,39.15498729594664
20209600910,-94.71084588251374,39.15081831339829
20209600890,-94.7033655362804,39.13552187584387
20209600900,-94.71200211622553,39.132762076069405
20209600680,-94.70050096934662,39.12256463925975
20209600690,-94.72095022680068,39.12280877100578
20209600920,-94.72118898663038,39.15772590809451
20209600880,-94.69846799924798,39.15204173874848
20209600870,-94.68169795822622,39.16319380271725
20209600700,-94.73302228085122,39.1226818000867
20209600720,-94.75668736072998,39.12167864473256
20209600710,-94.74616407762143,39.122512559623395
20209600520,-94.75124716437094,39.10958589970253
20209600500,-94.72978478601796,39.11157755162268
20209600120,-94.63022517297932,39.14610522773726
20209600170,-94.64022203406702,39.141087637410614
20209600130,-94.62968310429571,39.133159623827645
20209600140,-94.6240306297406,39.12610548186696
20121900090,-94.67117691666108,38.63186832443507
20121900100,-94.6713742311899,38.621086113460414
20121900110,-94.66786110041934,38.62233263491854
2012100007B,-94.82692880887106,38.738230861834204
20121900130,-94.84539233140188,38.73723403102069
20121000220,-94.6686980577903,38.64437491309651
20121000010,-94.65900170775747,38.562671054533475
2012100004B,-94.68963509818161,38.5967472180112
2012100004C,-94.6626805450127,38.59560454753012
20121300010,-94.67686549926682,38.626680170026226
20121300020,-94.67559317111765,38.61338634217725
2012100003B,-94.70125277280269,38.64613868508183
2012100007A,-94.86411435784107,38.71525158615854
2012100023B,-94.84851661186603,38.73428296570452
2012100023A,-94.83010843216152,38.73035105796383
2012100023D,-94.8140053085559,38.715261243564626
20121000080,-94.64790386566494,38.708485300102815
20121000260,-94.75431033151517,38.67860246182674
2012100023C,-94.83054954252488,38.719240231970375