250173323,-71.0923495276483,42.3914950842344
250173325,-71.10284826314991,42.392747857285386
250173326,-71.10891042335176,42.396255318871106
250173327,-71.1125704021954,42.39078155060833
250173328,-71.11985485866278,42.39395598168959
250173331,-71.12543565086955,42.40169884921563
250173329,-71.11722390938935,42.3979261831222
250173333,-71.1287369931263,42.410796125200264
250173315,-71.09034127409969,42.38714573798585
250173330,-71.11961263512868,42.402681323780584
250173314,-71.0812389275028,42.3913148771415
250173318,-71.10789159361964,42.38279163670147
250173316,-71.09225032477464,42.377281463519296
250173317,-71.10152026063825,42.37739467765497
250173319,-71.0946834402497,42.38220360293304
250173320,-71.09993971381977,42.38681196440032
250173324,-71.09707677930366,42.39383511234486
250173321,-71.10916534617633,42.38707953728021
250173322,-71.08979101933855,42.397347361482275
250173032,-71.08675789616292,42.3676815284656
250173060,-71.13569977421989,42.38827468098146
250173061,-71.14526496564831,42.395571755462264
250173062,-71.1311987059649,42.3937040861715
250173101,-71.05960589078283,42.414877461740296
250173313,-71.08170582844043,42.37936141627747
250173332,-71.13067256928362,42.404421018738915
250173063,-71.13457695260817,42.39864861076942
250173089,-71.0511371656064,42.407450239312226
250173090,-71.04522097289431,42.402831123105436
250173091,-71.05795625218296,42.395537487471934
250173092,-71.04285400762453,42.408870386961034
250173093,-71.04842991184786,42.41056777892281
250173031,-71.07633029234573,42.367730034936166
250173033,-71.08394837972538,42.37256495400904
250173094,-71.03966129425262,42.406954690221944
250173095,-71.0372694278779,42.419503819638756
250173096,-71.04347433206662,42.41430695274956
250173097,-71.03752374119625,42.41261442277969
250173034,-71.09320676522611,42.3649887871587
250173035,-71.10075083102478,42.35637488731917
250173036,-71.087694911806,42.358440691885214
250173037,-71.09270741398697,42.37009374701675
250173098,-71.04751567435765,42.42115234604008
250173099,-71.04944612393533,42.41652931836547
250173100,-71.05298157899725,42.417015818379404
250173102,-71.05678936921107,42.41256530805955
250173103,-71.05544812486133,42.40963960633243
250173106,-71.06830617706419,42.399732585707014
250173038,-71.09732735273332,42.37126258503317
250173039,-71.09836307450557,42.364460529065596
250173040,-71.11184249276671,42.36476341861976
250173043,-71.10375075692018,42.36193160676516
250173104,-71.06549793093671,42.412543246548076
250173105,-71.06705945386415,42.408474747686206
250173044,-71.11170951146143,42.361237329712125
250173045,-71.11000358671018,42.35697759069198
250250390,-71.08133350497316,42.337110250208774
250250395,-71.08727580943824,42.3350687394818
250250400,-71.08928666249675,42.32947742804003
250251885,-71.02879260541265,42.386977095100924
250250505,-71.08546819704836,42.314164112889316
250250510,-71.08741416212199,42.32163345147084
250250515,-71.07935818881018,42.3201074106339
250250520,-71.08488761361967,42.31914032615448
250250525,-71.08152404810232,42.31556307797823
250250925,-71.12485444654693,42.24937261855891
250250930,-71.13738994214388,42.249883303423054
250250845,-71.0894282826305,42.2767695517741
250251195,-71.1593878361474,42.33621924332278
250251125,-71.10950316202121,42.35076168719328
250251130,-71.12598858080253,42.351977732677916
250251886,-71.03422818080713,42.387595370318614
250251887,-71.03015867607971,42.39114098824546
250251888,-71.02104858282368,42.393808532940106
250251889,-71.04713363563846,42.39012064489556
250251890,-71.03911825582136,42.39705394633357
250251891,-71.03632834570874,42.38978034818234
250250530,-71.09396273600792,42.30345897461196
250250535,-71.09155044409749,42.31515811193329
250250540,-71.0885799597292,42.312401370677755
250250545,-71.07629414538201,42.316812189327884
250250935,-71.13350114201268,42.23668027881271
250250940,-71.10085369389296,42.27179866605465
250250945,-71.12678119390918,42.26883463232261
250250950,-71.14689651013347,42.25699636021342
250250850,-71.1002564733264,42.277115949793924
250251135,-71.12935984836261,42.354364448188576
250251140,-71.1321390864313,42.35049357013279
250251145,-71.13957235656747,42.35203471171351
250251150,-71.13545609002438,42.3494539320388
250251155,-71.13671807429938,42.34648726886769
250251160,-71.14357626966992,42.34832797174646
250251892,-71.03967144490407,42.39178703674432
250251893,-71.02619241135189,42.39664081240114
250251894,-71.01819236269274,42.40046533814803
250251895,-71.03178413512818,42.39733442652872
250251896,-71.03566087355313,42.40111020279836
250251897,-71.02566297022604,42.402800197265485
250250550,-71.07203695183046,42.31906960605311
250250560,-71.0724672842106,42.31521391589844
250250565,-71.06678145319407,42.31576210360896
250250855,-71.0936835647898,42.26856936842344
250250860,-71.10331883529685,42.263677105400134
250250865,-71.10814928371506,42.268957322122695
250251200,-71.12508531733091,42.36300962547563
250251245,-71.16108728180377,42.34987630739122
250251250,-71.1613191267709,42.35692029854784
250251898,-71.03089834304693,42.409047979448495
250251899,-71.03440985588168,42.405688568896
250251900,-71.0291283829468,42.39987724358531
250250570,-71.06159735539147,42.31465524737894
250250580,-71.05594342271038,42.31633674843661
250250585,-71.0586192616825,42.31352507415389
250250595,-71.07686009580534,42.30929501087571
250250870,-71.11098295718574,42.282221709832164
250250875,-71.11605807618321,42.271897430544435
250250880,-71.12465747619208,42.27662515959836
250251255,-71.15287464905362,42.35683360342778
250251260,-71.16977362918983,42.354209017813915
250251205,-71.13537630076338,42.35888890442863
250251210,-71.15153421502416,42.34943110478079
250250640,-71.08403014713838,42.290458179561476
250250645,-71.09251051862968,42.290169347170774
250250650,-71.08863313481572,42.2873881195581
250250655,-71.08546306527843,42.28497738570246
250250660,-71.09317125674129,42.28271940550671
250251000,-71.12337210864024,42.28270547411221
250251005,-71.1211689765205,42.29252668148776
250251010,-71.1158704481059,42.2887365375624
250251015,-71.12320551715776,42.28788584949797
250251215,-71.17093161231921,42.34949212413232
250251220,-71.14233692100639,42.35994269549596
250251225,-71.1473737086055,42.35369611360663
250251230,-71.16481315987151,42.352462896830204
250251235,-71.16395338861247,42.343723678484864
250250600,-71.07942488982657,42.29717536153834
250250605,-71.08278865407907,42.30529929615153
250250610,-71.0755458312831,42.303031027537756
250250615,-71.08849700682192,42.282074037213455
250250620,-71.08203952383954,42.30206491063675
250251240,-71.15641280546622,42.34423471359326
250250625,-71.08438252395878,42.2969125942598
250250630,-71.09944882485793,42.287132781993726
250250635,-71.0892760033184,42.29548598195571
250250665,-71.06951785988473,42.311191490159715
250250670,-71.06990505015511,42.30558960849324
250250140,-71.06762449963836,42.342427975001456
250250675,-71.06627111151751,42.30785264335001
250250680,-71.06221520118021,42.309639317871806
250250685,-71.0693449230225,42.30131983860092
250250690,-71.05673803328031,42.30705652341672
250250695,-71.06608356455136,42.304054171504006
250250700,-71.06156495636941,42.3009908585365
250250985,-71.10914143597873,42.29424381410744
250250145,-71.06031946818825,42.34937809363331
250250150,-71.07434097768851,42.34441917798919
250250195,-71.10437549071177,42.3388176330432
250250155,-71.0782108745714,42.34774958341396
250250160,-71.07752528894716,42.343691669273134
250250705,-71.06166300727162,42.304326732723595
250250710,-71.06097308131136,42.29778292287361
250250760,-71.0607873582111,42.2791010688629
250250075,-71.06569703824114,42.37332179939352
250250080,-71.05244922663182,42.378934025698776
250250085,-71.06064306399624,42.37552100928304
250250090,-71.06089145300594,42.37866887369767
250250165,-71.07986996567483,42.341901932136395
250250170,-71.08391382361052,42.34420952374685
250250175,-71.08709042074265,42.346053316384605
250250180,-71.09126802163881,42.34319924569012
250250185,-71.08778122943818,42.340559418259694
250250190,-71.09355149181266,42.337307466130426
250250005,-71.00702009363408,42.35897605579711
250250050,-71.0265394807771,42.37947054535089
250250055,-71.01601060248889,42.38785727641697
250250060,-71.00291467942677,42.383680288225136
250250065,-71.00727338618483,42.389559100245116
250250070,-71.00194297593077,42.39313949560585
250250720,-71.06462908302835,42.29111514335847
250250725,-71.05962599796536,42.29317178424926
250250735,-71.05992303830119,42.288718332684695
250250095,-71.06457416363797,42.37993768837721
250250100,-71.06772702450682,42.37844726105857
250250105,-71.0701476450633,42.38476705329715
250250200,-71.06904366509073,42.34853784111647
250250245,-71.09632270018469,42.34999402854407
250250205,-71.09623180925142,42.344189992442715
250251430,-70.90167490576916,42.35369231669803
250250010,-71.03339699156825,42.369081358235746
250250015,-71.04073476470542,42.367560273008976
250250020,-71.04247146049326,42.372749117851214
250250025,-71.03128825509948,42.37373204806669
250250030,-71.03901766400342,42.37676984562086
250250745,-71.05964748659096,42.285132618369424
250250770,-71.07461862128027,42.29682157110124
250250815,-71.0787919626961,42.28196111741412
250250820,-71.06794862665235,42.283870107490934
250250225,-71.0749390771365,42.35427792962602
250250230,-71.07928191949851,42.35372694833747
250250235,-71.08348420492818,42.35249981729453
250250240,-71.08889646750758,42.35135917430446
250250035,-71.03921982816087,42.37907272846737
250250040,-71.03829627557562,42.38295789945952
250250045,-71.02872937129816,42.38247081897117
250250405,-71.09860178214643,42.33486352625473
250250410,-71.099388649697,42.3327940169926
250250415,-71.10436578985635,42.33276192382154
250250825,-71.07632697422324,42.27834070366768
250250830,-71.06166750487634,42.272877588084604
250250835,-71.07392253792688,42.27332315756933
250250775,-71.06799866221658,42.29852517254775
250250420,-71.10931906763442,42.333573651349795
250250425,-71.10210875705964,42.329102265259586
250250430,-71.10460443644928,42.32534953370848
250250435,-71.10169988580779,42.32300671212388
250250780,-71.07115267822049,42.29451330071006
250250785,-71.06995380938935,42.279765312793955
250250790,-71.07594377605218,42.29038614100224
250250795,-71.0684565601817,42.292015983307465
250250800,-71.07945470575868,42.28492935803484
250250805,-71.074237425073,42.286353735806564
250250340,-71.06497049428667,42.31933631227295
250250440,-71.11114680519454,42.327655118253425
250250445,-71.11219797175598,42.32257453112967
250250450,-71.09585591971003,42.325865140474065
250250810,-71.06830000763868,42.28646657102543
250250840,-71.08245196597967,42.27380529547178
250250885,-71.13102160246977,42.27881900568024
250250890,-71.13707666443167,42.27350414133016
250251030,-71.14836581248142,42.26260345701708
250250455,-71.09389519537876,42.32251474727774
250250460,-71.0938208759888,42.31779829740842
250250465,-71.10004469787204,42.3183975116222
250250470,-71.09834963002253,42.31310054886374
250250895,-71.13437830780457,42.263574520846745
250250900,-71.12059345177232,42.25789723974935
250250905,-71.1205847194032,42.26487122643212
250251120,-71.10258280001416,42.34484691444771
250251165,-71.14168864745167,42.34428537353994
250250345,-71.06437755948554,42.33840965649549
250250350,-71.07044711154512,42.33479229458996
250250355,-71.07596254439933,42.33069504638728
250250475,-71.1039452496981,42.31287321767446
250250480,-71.10392322209225,42.30779092378197
250250485,-71.1090695900441,42.30187053460047
250250500,-71.08328228568595,42.325324701982034
250250910,-71.11381512365547,42.2618994250951
250250915,-71.11374351910699,42.25201565821253
250250920,-71.12194693606811,42.24437219286596
250251170,-71.14771517434743,42.344076014695574
250251175,-71.14387803361852,42.34125265418357
250251180,-71.15130039258085,42.34254972338068
250251185,-71.14842172155345,42.33784314598757
250251190,-71.15165794439439,42.33909568525122
250250360,-71.08040140654329,42.32958651761457
250250365,-71.07225967428136,42.3224745152035
250250370,-71.06888593249852,42.32759219053846
250250375,-71.07648951459198,42.32456522064253
250250380,-71.07392289991998,42.34082588247698
250250385,-71.07769099514259,42.3389262871325
250213592,-71.06347684383547,42.18036736515213
250213591,-71.04811588882151,42.19287246453972
250213590,-71.03535151351146,42.181140235457605
250213589,-71.05990486411282,42.16967069270677
250213588,-71.03246794144789,42.16809798366601
250213587,-71.05071982787243,42.15926191833052
250213593,-71.07792287751582,42.193451573582294
250213586,-71.03931422437387,42.14801945502142
250213524,-71.10643280891682,42.22408241436688
250213530,-71.10345535399885,42.25044977229721
250213520,-71.09637336405683,42.25989911478469