320036473,-115.28832203316995,36.09259403010171
320036461,-115.28345865836609,36.10370965825226
320037334,-115.06738141618918,36.0843736288875
320033382,-115.33405537398646,36.18939132157654
320033364,-115.30289368223643,36.16431924592209
320033362,-115.28030887015838,36.17183849427893
320031331,-115.17646830412397,36.035467380321535
320031330,-115.16123466347094,36.035290132427555
320031333,-115.15902252032878,36.02254739083127
320031350,-115.14945212321707,36.00929485394129
320031451,-115.09246819330495,36.04321360910014
320031452,-115.09075616792873,36.0381087227826
320031453,-115.09688942232061,36.02871402951757
320031454,-115.08975354491896,36.029810161809074
320031403,-115.09122146863598,36.02052438377352
320031401,-115.10649430289644,36.008910681891095
320031405,-115.08810591120266,36.00539741009039
320031396,-115.10640490671292,35.99615069178062
320031410,-115.09596576047005,35.998884579038396
320031424,-115.07004831049935,36.02072995524315
320031422,-115.07868028369023,36.01640931803123
320037412,-115.0396775452143,36.056170651416615
320037415,-115.03702908183632,36.04100645618598
320037417,-115.04017049414449,36.033457951034904
320037346,-115.00089447026477,36.064092782984204
320037344,-115.01615193437488,36.056584869085405
320037908,-115.00507277025764,36.04527971997268
320037354,-114.97113792568912,36.01339231623062
320037360,-114.96884066841926,36.00464506842845
320031149,-114.98177527828558,36.00803682766565
320031355,-115.16962238760516,35.989718582998506
320031349,-115.16779858009038,35.97309863650625
320031389,-115.14983556909769,35.988944605283294
320031520,-115.09835121082273,35.975188770838585
320031519,-115.08473624243608,35.96583846574168
320031518,-115.09017335881205,35.9646461037704
320031533,-115.18820852030828,35.93086079833744
320031930,-114.91067018034511,35.80631608131358
320031500,-114.9219619893804,36.0979274728457
320031502,-114.89584588657617,36.117195588961486
320031373,-115.1481141776437,35.956087497159835
320031377,-115.15788739904308,35.95900010549938
320031907,-115.16232384897064,35.96061784586133
320031964,-115.15360374292337,35.968160449537734
320031376,-115.13855436885265,35.958481622085216
320031374,-115.13882126555963,35.95586176739799
320031386,-115.14185537072022,35.95691597757454
320031909,-115.14910353971912,35.96216425136787
320031960,-115.14626528287621,35.96340211750448
320031959,-115.14407865324466,35.96224182621355
320031961,-115.14152181704758,35.96229103369721
320031381,-115.16455973999189,35.95131327369559
320036462,-115.29158243439747,36.10392547147247
320036463,-115.3008599263332,36.10372907317342
320036545,-115.31069130620537,36.10391247303429
320036471,-115.30188755047064,36.095394708699466
320036470,-115.31087347009479,36.0954620526551
320036475,-115.30235957714466,36.07392004913343
320036476,-115.30215032389015,36.08137923909603
320033386,-115.33305680239918,36.18676507241969
320033370,-115.32165127654636,36.188757883773
320033381,-115.33125802412741,36.18026926576951
320031332,-115.16784536277014,36.02651018141352
320031336,-115.17642983169021,36.02289443252716
320031340,-115.16754334185615,36.0153598209944
320031457,-115.11282579403037,36.06562824633496
320031402,-115.09939320575587,36.010135091537705
320031404,-115.08987959993873,36.01200661336806
320031435,-115.07635443810301,36.0390292258747
320031434,-115.0708243312109,36.034156859342275
320031116,-115.07932906617815,36.032484831974436
320031423,-115.0690306006029,36.01568222343749
320031430,-115.05942118941249,36.01995663315842
320031460,-115.05151452429597,36.02482362734346
320037413,-115.02821481425252,36.04516002832289
320031461,-115.03736141572351,36.0281063038911
320031478,-115.03879309939735,36.023799075329755
320031462,-115.0224027545311,36.031133312050386
320037358,-114.98981945284984,36.03866874349498
320037359,-115.00200521353257,36.03351335970235
320037357,-114.97881296666593,36.02950434214001
320031470,-114.98509849002428,36.00283306318963
320031468,-114.98201409913653,35.99557565076047
320037362,-114.96783780805806,35.99551517958126
320037361,-114.96108582200033,36.00610070695412
320031356,-115.14732966894812,35.99670555144415
320031328,-115.14144072109153,35.991987287737444
320031900,-115.13671166808165,35.99086120955203
320031392,-115.11030389314995,35.98820236232065
320031510,-115.0776816950452,35.96118237204605
320031550,-115.08412775209402,35.97888245415598
320031524,-115.10070780834067,35.96261175031361
320031521,-115.10790479334293,35.96218927101635
320031503,-114.89538818051206,36.039856625327424
320037365,-114.9775687501737,36.07880154531755
320037911,-114.95009882842928,36.09094345943872
320031382,-115.16687950865008,35.95048211346004
320031919,-115.16918766424502,35.95125804610914
320031387,-115.16672361656812,35.94874557185516
320031380,-115.1588042105315,35.95264477616989
320031375,-115.16245143192441,35.953741979995705
320031918,-115.16018437061399,35.95079874951017
320031385,-115.16174742976446,35.95158322058825
320031908,-115.16699382954096,35.95667014068315
320031536,-115.16921222061403,35.95464224224015
320031378,-115.17327780656223,35.95732792723896
320036460,-115.29256494355235,36.11213478735811
320036453,-115.28377299904236,36.112624833594374
320036454,-115.2857677158099,36.119759937554065
320036477,-115.31112254352216,36.08137470796507
320036472,-115.30645819471975,36.087918950004195
320036480,-115.30675013723723,36.0664793049945
320036499,-115.3064561717726,36.04231382405248
320033380,-115.33583095264107,36.175477568067315
320033373,-115.3228411074717,36.17191624820184
320033375,-115.33100068742527,36.163928414878775
320031449,-115.10473948696556,36.060766288125954
320031123,-115.1046650715516,36.051531269213925
320031448,-115.09021343246907,36.06947883122599
320037402,-115.08655002258061,36.06670545525169
320031433,-115.07441128392021,36.028051230484095
320031425,-115.07361981322592,36.024079265365444
320031420,-115.07799151909778,36.00924482136543
320031421,-115.06923244350835,36.00950335377228
320031463,-115.02312629543266,36.025995266837825
320037910,-115.01314012762607,36.03101942558967
320031479,-115.00806900496175,36.02383437018819
320037393,-114.97373406901528,36.03935852630081
320037392,-114.96711380211842,36.047581188567804
320037430,-114.96272386138,36.056260264525065
320031480,-114.95013526594494,36.00481336986515
320031482,-114.94262973998221,36.011397761813484
320031484,-114.92759967551628,36.00547539914671
320036483,-115.28925934480225,36.03739214847162
320031394,-115.12215110607994,35.97935189241291
320031395,-115.11049049237458,35.97403070023736
320031916,-115.15123361425678,35.969861502374954
320031390,-115.13658654122031,35.98195097777737
320031522,-115.11313066825409,35.958888238754554
320031551,-115.12006824684144,35.95957368000275
320031941,-115.08475038173422,35.67171636760645
320031379,-115.17386689438398,35.96118195296907
320031538,-115.17409579593652,35.93150442486289
320031537,-115.17854723708973,35.932895509596904
320031539,-115.18114970072766,35.929578017030494
320031920,-115.157348334299,35.947443765055645
320033576,-115.34687815471771,36.17486710287096
320036464,-115.30603082720089,36.11136315970116
320036455,-115.30415998902932,36.118917868872686
320036484,-115.3346311826791,36.06108641444205
320036083,-115.33941527769593,36.112278886462526
320036527,-115.3242349074958,36.08746579312452
320033374,-115.31905302805757,36.16326740656635
320033355,-115.28480423975438,36.16271050035559
320031442,-115.09147975126643,36.05855749540856
320031440,-115.09567772684501,36.05241455238034
320031441,-115.08705328654449,36.05133284693364
320037351,-114.99859258940772,36.022355476791226
320037356,-114.99399405562642,36.023460792697506
320031082,-114.96322381651981,36.03947935321098
320031494,-114.95445922117723,36.04534537340783
320037363,-114.95415972681445,36.06010495446658
320031481,-114.93628477447406,36.00331443472661
320031078,-114.92728640505707,35.9947718425051
320031472,-114.94783780953614,35.99130015460601
320031477,-114.93027380354127,35.98800479231701
320031007,-114.82189038582145,35.97533606760978
320031006,-114.82843110976246,35.972426203175125
320031005,-114.83815939242399,35.972274909367904
320031526,-115.10408333886207,35.95052359557746
320036490,-115.24683195822972,36.01196470211136
320036492,-115.20317576642155,36.006068404754664
320036544,-115.21600470734428,35.99667097026732
320031542,-115.20032439517665,35.54528333833675
320031969,-114.91055527714506,36.08182129931137
320036469,-115.3112135207176,36.07388098864125
320031337,-115.16786694486947,36.02095481547416
320036548,-115.2115658341641,35.9886517610774
320031508,-115.09268843599286,35.94427261625593
320036526,-115.3194870617099,36.09549486073785
320036524,-115.32240577570452,36.106196546708425
320036523,-115.32130653984272,36.11428517407561
320031315,-115.17736638758488,36.073265329708114
320031109,-115.07966969195829,36.05481025848875
320031108,-115.07336718381514,36.053009996024265
320031112,-115.07582042544723,36.04903732335014
320037352,-114.98325947160372,36.01945677457725
320037368,-115.0077652795113,36.07283775575695
320037339,-115.00726201691533,36.07176579213396
320037364,-114.94530596787102,36.06010212067242
320031491,-114.94526104870944,36.038116192180226
320031493,-114.95442570700388,36.03443548835317
320031476,-114.96773528813242,35.98694750429377
320031467,-114.9816562564624,35.98820935751543
320031469,-114.99073575938573,35.99013671128805
320031464,-115.01091376240372,36.01009214929552
320031009,-114.83906350066205,35.96481004577134
320031010,-114.84147072548963,35.95545942451574
320031475,-114.94342609619268,35.95324244891453
320031946,-114.9743337779568,35.8919731948133
320031936,-114.97050597018493,35.91848349155039
320036493,-115.21646641011426,35.993125511222935
320036494,-115.19858272156335,35.99702431326999
320036497,-115.19656209418768,35.99122076483284
320031943,-115.13604672690029,35.76761982314424
320036525,-115.28162513115122,35.709586447254615
320031525,-115.1102487336026,35.94558460830981
320031523,-115.08785502423765,35.938653030129146
320036522,-115.3230756387482,36.12528304791312
320036513,-115.33946273866354,36.13661169509119
320036514,-115.3329463410708,36.13841024558497
320037405,-115.06251811058057,36.049291057337925
320037410,-115.05994681939261,36.0522990764109
320037411,-115.05119272911521,36.05271877855201
320037394,-114.9638489337916,36.028130140632335
320031492,-114.95425542801792,36.02159432499845
320031490,-114.94538662305203,36.02173483992355
320037355,-114.9644418439274,36.019478233557386
320031514,-115.03856481242028,36.01054323727345
320031416,-115.09245874354487,35.98809294368624
320031411,-115.0967863292864,35.9891221559351
320031004,-114.8369588016162,35.981132962842324
320031001,-114.80879184884823,35.9854825208831
320031002,-114.8294335155921,35.99689626569969
320031003,-114.86406084287152,35.98857555926705
320031008,-114.8038550120538,35.946595440644245
320031169,-114.9174800920241,35.92445119625172
320031944,-114.92075618271033,35.921794720495264
320031501,-114.92679666485121,36.11922232239512
320031528,-115.09168917309728,35.92593535500963
320031541,-115.17857216145362,35.91023480944803
320036534,-115.184975945208,35.98575828463889
320036531,-115.23182146431603,35.999158217037916
320036501,-115.2102845332965,35.89694877794402
320036500,-115.19337733595734,35.94396453877731
320031348,-115.16322609941244,35.97896203118416
320036515,-115.3287160460375,36.13535458094589
320036517,-115.34198614125721,36.15371486583614
320033541,-115.37734492135071,36.18710310120131
320033414,-115.3406714168469,36.21405831895482
320033383,-115.3367202095389,36.197902046001346
320037416,-115.05086210788647,36.04470628642434
320037342,-115.06501253401504,36.04389416763385
320037343,-115.06358385437876,36.037522548989166
320031512,-115.07804240948217,35.993174822192316
320031357,-115.16656188693835,36.010130286319544
320031932,-114.82665964712211,35.92423554970249
320031931,-114.86903308772148,35.92933747508704
320031070,-114.90086732355189,35.930053987315574
320031950,-114.91852991614653,35.93801345919314
320031131,-114.91114554014904,35.97343317240012
320031474,-114.92672767236479,35.97849835574777
320031074,-114.62033343466577,35.11320376695111
320031073,-114.72080303702035,35.14272169071699
320031072,-114.85470558104224,35.40206036035388
320036542,-115.2855781216387,35.98228920545253
320036491,-115.19576185087065,35.97229679535141
320036488,-115.38361149064538,35.838652113024494
320031527,-115.08507601368913,35.94917863939841
320036512,-115.3478783252018,36.14377695423292
320031345,-115.12321334138382,36.01512527616288
320031344,-115.12311721375181,36.01872129122254
320031343,-115.13211012413974,36.01692961764699
320037321,-115.10518168832012,36.07889339422829
320037311,-115.1293037439532,36.071757201236615
320036485,-115.39634185557163,36.08552309165482
320031945,-114.91778967066026,35.923027884148176
320033353,-115.28699304081765,36.14967648171497
320033227,-115.28987794133468,36.154894380541585
320033228,-115.30212143401715,36.14937337279541
320033384,-115.32744035291681,36.19523256132986
320033214,-115.32624448401931,36.20135946061676
320037304,-115.22770413913513,36.078347180508445
320037414,-115.05338831259425,36.03513401961125
320031432,-115.06055917586428,36.03053094930444
320031113,-115.07606563072636,36.04441200360581
320031471,-114.94643444717933,35.978124599372585
320031486,-114.92616959282235,36.03378904777605
320037366,-114.98072658605234,36.05841506188095
320031511,-115.0899526294468,35.97738901117768
320031906,-115.16625774472438,35.96952898068993
320031363,-115.16471917725528,35.966874276385255
320031904,-115.16016147441408,35.9706312093934
320031360,-115.15525877730535,35.975276149581525
320036530,-115.21281394267956,35.97391155098819
320031050,-114.81828207203395,36.05897876632959
320031535,-114.83386827549114,35.723808790699835
320031935,-115.03386036640634,35.94402487601544
320031529,-115.09769862589054,35.93761267207954
320031552,-115.1127066264354,35.935956176269826
320031384,-115.1565004998548,35.92906152608004
320036487,-115.60090341469545,35.853006673038635
320036498,-115.61091881987522,36.04375823196481
320031509,-115.10437516356912,35.93467434662192
320031342,-115.14103276965562,36.016913867547956
320031341,-115.15004923936094,36.01690453926136
320031335,-115.14073251348363,36.0243071429006
320031334,-115.14980583201304,36.02435094016912
320037328,-115.12943661226117,36.08570678201778
320036482,-115.2874665873047,36.0468275092006
320033129,-115.29764467055124,36.15661404955802
320033229,-115.31142959192853,36.14827890657545
320033130,-115.3096227965092,36.15586403926009
320036516,-115.3194665926555,36.14708658741585
320031303,-115.25174307988962,36.077756391554736
320031302,-115.27006893757186,36.07764800846641
320036478,-115.28878954343347,36.06569127877972
320036532,-115.28115396617551,36.05751385499103
320031163,-115.11345142351661,36.046303000228434
320031124,-115.10476183456564,36.046011211095866
320031456,-115.1135567191673,36.038416402889624
320031455,-115.10474058917269,36.038266841739635
320031412,-115.11616515318715,36.03037486709819
320031362,-115.16361717914326,35.96879262997396
320031361,-115.15564785362146,35.969223461273174
320031370,-115.16456012616545,35.96182839948346
320031365,-115.1782147954594,35.96039507182628
320036496,-115.23694581027779,35.9669480601172
320031393,-115.11058413318005,35.98198393751678
320031951,-115.0148080216642,35.81912341836716
320036547,-115.29339356724053,36.016308812627095
320036539,-115.2841958133053,36.01626078780773
320031308,-115.22994348582698,36.04551787693565
320037369,-114.95606744467239,36.081777378626654
320036538,-115.27056032352459,36.01622142144931
320031138,-115.13295977999984,36.029620054172916
320031137,-115.12468106135789,36.03009739757221
320033335,-115.30921554331242,36.12624818514395
320033336,-115.31347700050163,36.126021482132096
320036510,-115.32044628479849,36.15296193297789
320036511,-115.33065653588963,36.15216024991992
320033557,-115.34387864724812,36.16590619764385
320033565,-115.35064014933357,36.16452325485409
320036520,-115.32283947445892,36.13767384788285
320033372,-115.32350688410811,36.17981854408895
320033371,-115.31487593407185,36.185352023961336
320036481,-115.28897714838646,36.058719700362964
320031304,-115.26100345959202,36.059378814649534
320031165,-115.11245657622383,36.03188812451244
320031127,-115.10487332457208,36.03090679863644
320031413,-115.10953162165157,36.02407168976128
320031517,-115.06788309359136,36.00315565208216
320031530,-114.87997620920164,35.944093620646356
320031513,-115.05584516481484,36.00009710002109
320037340,-115.01669943559872,36.09570708666058
320037404,-115.05425709624994,36.05980069263667
320031346,-115.12515464676865,36.03916049035577
320031142,-115.1424912012154,36.034720357014066
320031063,-115.1477098215346,36.03512701258239
320033334,-115.30157765013,36.12613900412494
320033333,-115.28804165172511,36.1241476044972
320033332,-115.28802171735869,36.12783415585619
320033544,-115.35992995743409,36.16469600547953
320033363,-115.3023831623977,36.175551064651955
320031307,-115.26130218212919,36.044642257023604
320036533,-115.29060772074112,36.05245191872983
320036479,-115.28763356995879,36.027666153052365
320031400,-115.11166272614778,36.01475088645824
320037305,-115.22389361016033,36.064039784668
320037367,-115.01609759045449,36.08296972703975
320031347,-115.129802506102,35.95678352190022
320031540,-115.17368354737596,35.926385632311586
320036474,-115.28850287186157,36.077711367592
320037403,-115.06593466233514,36.06215952719894
320031445,-115.07108217858033,36.05899271628842
320031060,-115.12275770020781,36.04602218736287
320031325,-115.1340082321488,36.04622522132115
320031323,-115.14526103674068,36.046162717363956
320033342,-115.28352368079416,36.131988480774794
320033343,-115.29338827397066,36.13140666380803
320033352,-115.30172800971886,36.13346792184046
320036541,-115.27084028460861,36.00522950567631
320036540,-115.284507068196,36.005093962200036
320036546,-115.2935463533035,36.00509795107026
320031305,-115.26137601670855,36.03080414282251
320031310,-115.23874800505254,36.04873865753515
320031318,-115.22963554656549,36.05267070754328
320031371,-115.15217048793697,35.95779458586794
320031911,-115.14869707837956,35.960401464738105
320031444,-115.07850714485723,36.061540439859
320037395,-115.07613993895633,36.0679323748759
320031322,-115.14532810863186,36.053485907785074
320031324,-115.12948679956813,36.05358413371022
320037423,-115.13680246575925,36.061783933121916
320037424,-115.1262372744937,36.06025323780965
320033341,-115.28852269114569,36.13634494458097
320033340,-115.28695743261015,36.141910990883034
320031316,-115.23477297438576,36.0328321739246
320031317,-115.22157550837461,36.042007864132955
320031319,-115.21428366323626,36.03895192160563
320037052,-115.08375780718552,36.079901841889175
320037012,-115.0784671247778,36.07406780527771
320037421,-115.06166655189548,36.073361854469525
320033344,-115.29837449034625,36.139116631006694
320033345,-115.30196607597618,36.14257402144475
320033351,-115.31032702626223,36.13454381012601
320033350,-115.31156984244801,36.14135199278643
320031327,-115.21824897541312,36.05318833278999
320037316,-115.20042030239668,36.08554708221932
320031321,-115.16217754289062,36.05799458186255
320031314,-115.19783395782751,36.06388332230532
320031352,-115.13230018117278,36.00972567467028
320031351,-115.14125982166705,36.00982838180334
320031367,-115.1436437051858,36.00279505176708
320037420,-115.05437297043493,36.074451083391246
320037422,-115.04902519012134,36.07120135390775
320037341,-115.04356109059019,36.073022909226744
320037005,-115.01602027806092,36.0754560095174
320036521,-115.317704432492,36.13701942848107
320031311,-115.19988797810637,36.046933316305505
320031313,-115.18552745719934,36.042287334987996
320031312,-115.20541715215846,36.023585379304436
320031354,-115.15262461823373,36.00295033745122
320031353,-115.12359685949995,36.0070762517961
320031391,-115.11623998417801,35.99839393835589
320031450,-115.09137548395837,36.04762765182899
320037350,-115.02958841419319,36.07241667352681
320037054,-115.03141958787678,36.079742308787196
320037391,-115.0253575966134,36.086419326268235
320037397,-115.0020262614907,36.0804779062989
320031368,-115.13227899788728,36.0025401717731