34005105011,-74.8371525258906,39.8587517182927
34005160003,-75.02123643367968,40.012626496602195
3400575101,-74.7712198852308,40.118871421714005
34005192005,-74.88289448012489,40.04142076733399
3400575102,-74.77547345896568,40.11745563800066
3400550302,-74.95921769163542,40.008676975535394
3400575302,-74.80727127981343,40.121641377881545
3400520003,-74.69907470313315,40.1749684574172
34005130001,-74.57413650829584,40.01575643359511
3400525303,-74.84536265814717,40.07025146127448
34005192010,-74.89366170801935,40.03285715777385
3400575301,-74.81590407694245,40.11960682349825
34005115008,-74.95083732591844,39.95540832820228
3400540009,-74.96923456023274,40.00321873431693
34005115018,-74.91182056043388,39.993087906173216
34005190005,-74.79342984876916,40.02524597161476
3400515301,-74.70994108073764,40.15358781238246
3400530009,-74.83328086466683,40.04301847541803
3400570001,-74.72987744644215,40.13613323314559
3400540020,-74.99409455650012,39.983976555689814
34005150012,-74.50878063809756,39.93750253124403
3400530007,-74.85528215495243,40.05569235295744
3400565018,-74.86980556015676,39.86933972195862
3400565021,-74.912247578986,39.9131839062258
34005180002,-74.72818022548283,39.85485248835482
34005165002,-74.7556049167343,39.77710064261852
34005192020,-74.88262812636856,40.02225501000069
3400565025,-74.87826542378605,39.8808176982929
34005200002,-74.63023441388724,40.02741242292065
34005125027,-74.87775076983559,39.936690455795656
3400550101,-74.97945150299317,40.03561170438778
34005125023,-74.90440518173477,39.93740139716201
3400575203,-74.78674325687156,40.08393633161079
3400525402,-74.85541081559566,40.066405304222
3400530013,-74.8192249350236,40.07477157688623
3400545005,-74.93495640253364,40.06164046923981
34005115017,-74.93077470028011,39.96505182808032
34005175003,-74.68657097022451,40.01052421901325
34005192030,-74.90889874338016,40.0352340554361
34005150008,-74.6821881522389,39.95039996653526
3400565020,-74.88852415626293,39.81432671099684
34005192011,-74.91532033177533,40.034123449124664
3400575303,-74.80023955363791,40.11837112248721
3400545002,-74.95420490239177,40.0474787879551
34005115015,-74.93955495088906,39.97252429512956
34005105014,-74.78953253772873,39.87198625559017
3400510001,-74.9269159455111,40.06441178630307
3400540005,-75.00782596103963,39.97941855834235
3400565003,-74.93171522072308,39.90983442598533
34005195001,-74.51548690641384,39.840105259383364
3400525203,-74.87058527334732,40.07749822637941
3400565004,-74.93841515366717,39.900373821614615
3400555001,-74.75025704496117,39.98766482619802
3400550205,-74.95167909240712,40.008315635109454
3400560005,-74.8954432667295,40.06005282339904
3400545003,-74.95488704104362,40.05360502863367
3400530002,-74.88567807530832,40.06294689038011
3400540002,-74.99245536669322,40.00382581009106
3400540014,-74.98230523024486,39.998242523232165
34005192003,-74.89101925215263,40.04059263640486
34005150013,-74.55319875934107,39.92843535762645
3400550303,-74.95653517930553,40.009305705293414
3400540018,-74.99851335876221,39.991580803374184
34005165001,-74.7644927717047,39.831003399752845
3400590005,-74.833731985212,39.95017588383155
3400565006,-74.91976979538433,39.90021153883863
34005192001,-74.89002815802266,40.050909571778284
34005105001,-74.80817541670481,39.892799739234064
34005115012,-74.9477226404767,39.965834784587734
34005115014,-74.93790938194753,39.982242748701225
3400540011,-74.96392760079019,39.99207292914795
3400565011,-74.89462065408938,39.889530290725965
3400565028,-74.87677553576712,39.85270623698341
34005150007,-74.65379381240353,39.943788510491736
34005192022,-74.87574892268599,40.01904405018758
3400520004,-74.68777460268419,40.14901844059111
34005192027,-74.86480028774194,40.023241903331076
34005192018,-74.87296170874424,40.03073483700427
3400540016,-74.980410992159,39.99113696033262
34005170002,-74.76137478751791,39.925986348140796
34005120001,-74.79637491547216,39.999169262172494
34005105015,-74.84283501024656,39.879690630568696
3400565013,-74.916633938597,39.88624907209013
3400530008,-74.84105355801745,40.06017159676093
3400540001,-74.99151813618602,40.018415418719584
3400560006,-74.90125941574948,40.05251626696468
34005192035,-74.87630847454278,40.008514847129526
3400565024,-74.88293050770473,39.89876928415721
34005950009,-74.79325655163593,39.96688783871745
34005115011,-74.95515621187563,39.96725956844816
3400550204,-74.92300118933802,40.01694113208331
34005192034,-74.8846303176109,40.01113732019189
34005155004,-74.96501260543205,40.03191477316592
3400555007,-74.66926850457284,40.08830961990314
3400580004,-74.81389518788605,39.99223527095479
3400550301,-74.96231019955067,40.00100460011042
3400565015,-74.90302138680161,39.875095990851655
34005125008,-74.94451624006496,39.94093912236729
3400560002,-74.90546816926302,40.066552411211475
3400590007,-74.78467284566439,39.956850700086605
3400565017,-74.88981490227626,39.85754763413267
34005175002,-74.76539298535961,40.045066124870274
34005150005,-74.60704877035396,39.976545378022216
34005115007,-74.95650785123517,39.96227872673687
34005150010,-74.57209516429317,39.953929290046304
3400565001,-74.94834402672204,39.91094060963718
3400525103,-74.85572994207935,40.07640924464861
34005170003,-74.6741643132277,39.91207399002423
34005125024,-74.86674064540905,39.945780566569844
3400565023,-74.9034100368642,39.89602953461957
34005125010,-74.92392843553243,39.918720217608175
34005150004,-74.58143044837702,39.98526528076332
34005155006,-74.95775961727554,40.035574249462194
34005120007,-74.7899079008841,40.00733542231945
3400590008,-74.77614082324136,39.97590338450033
34005105008,-74.83276662502688,39.86799226607834
34005192007,-74.90507875321147,40.03160791267694
34005150009,-74.59984987945079,39.945537337404474
34005192036,-74.8779476594628,40.00273498066079
3400515103,-74.71341882226388,40.14418191058061
3400575201,-74.80140625666326,40.10693347119201
3400550305,-74.95605502911371,39.99692286840946
34005120005,-74.78873463325047,39.98860235855282
34005105003,-74.85466871395244,39.86548987639074
3400530001,-74.88533800909796,40.071379401891804
3400565029,-74.88494385186361,39.84710278744412
34005200001,-74.6237099375335,39.9945512454916
3400550201,-74.947085577649,40.01239283132263
34005125015,-74.92164672395832,39.94565545415359
3400555002,-74.74805117044144,40.00324423776764
3400520006,-74.68820967701392,40.16166068668856
3400540012,-74.97537585747916,40.002110375642225
34005192017,-74.86972905557688,40.038582078647906
3400530006,-74.86223787208704,40.04655842203427
34005115004,-74.97170011933349,39.955145035169345
34005105007,-74.85019911651709,39.83130023007557
3400520007,-74.69144009594599,40.14034724079438
3400560007,-74.91217784275987,40.048715457022816
3400595006,-74.67513242269725,40.08116034593492
3400565008,-74.88205797954492,39.90971198508696
3400590002,-74.78730688091404,39.97728632961771
34005125006,-74.95620964331155,39.93204310526525
34005155008,-74.9584129031821,40.02813583656752
34005192021,-74.88039859267568,40.01633840343074
34005170006,-74.69777280207346,39.89221443914643
3400525403,-74.86792850247794,40.06949224112868
34005170005,-74.71250488033417,39.90474703209276
3400550203,-74.94177026714696,40.02733574400102
34005190004,-74.81042181992238,40.00257305487956
34005120002,-74.78681341101641,40.00194373004321
3400590004,-74.79539266041903,39.97806125762032
3400510002,-74.92146136653807,40.065533200568694
3400580005,-74.82460889074403,39.97668317094556
34005125003,-74.96237530908347,39.92223179085085
34005150006,-74.6726226182345,39.9853251931649
3400555004,-74.7668647461456,39.99860266846118
3400530014,-74.81358531884632,40.052825785987906
34005160001,-75.0107187756742,40.01293284376282
34005110002,-74.80474374832426,39.856859629056316
34005150001,-74.52798191852854,39.96722521686257
34005155005,-74.96165732677726,40.03380097555461
34005120004,-74.77662604696435,39.989637837010214
3400525102,-74.85245530122924,40.07725834655757
3400535002,-74.64152972646383,40.10534940777647
3400590006,-74.79192268059657,39.97205225757986
3400540006,-75.01263052434565,39.99557109243775
3400540007,-75.0191280558343,39.99099200647669
34005125019,-74.87602498934672,39.95670972922866
34005192031,-74.86266325659302,40.0295470573304
3400550304,-74.95476290992539,40.00286401443805
3400530003,-74.87263865079466,40.061965035222
3400560001,-74.91471930171946,40.05608320302324
3400540017,-74.98439878060883,39.98428004543299
34005135003,-74.5860455804361,40.101868798795145
3400515201,-74.70538155747133,40.1497668838414
3400520005,-74.69236608340893,40.145870076522485
34005192002,-74.89719538402191,40.0422120916746
34005115013,-74.94506115766258,39.958802269497504
34005105009,-74.81758686668189,39.90927808323744
3400550103,-74.97021360627868,40.017242095234096
34005175001,-74.68033835636297,40.03878736025775
34005125025,-74.860721361837,39.96862867733973
3400540008,-74.9980806051036,39.97978961011474
34005155007,-74.95103676443348,40.03221577176094
34005192006,-74.88404669896504,40.035710710280185
34005110003,-74.81257315448755,39.85243684423147
3400565002,-74.94773725361024,39.90243227601891
34005192033,-74.85915578584905,40.03715699418197
3400520001,-74.72746685001383,40.12917796673098
34005190002,-74.8279481671826,40.008866857016116
34005125021,-74.89643700835367,39.923372028027515
34005120006,-74.79736297042561,39.99139769251505
3400550105,-74.95333070133731,40.021942051246214
3400550306,-74.96565473475846,40.00755602060686
34005125022,-74.90843333690586,39.93136972374748
34005105006,-74.83990571319497,39.917647086238844
34005155003,-74.96554762057976,40.04014379764552
3400565005,-74.92669865706397,39.89928398375474
34005105010,-74.8262458747536,39.87722808956992
34005192019,-74.87873663407883,40.02504452790937
3400540019,-74.99023705696194,39.989624792364786
34005192004,-74.8854513250305,40.04621506270782
3400565012,-74.90948008011715,39.890992119906365
3400540003,-75.00273429948388,39.996326090146454
34005115010,-74.95771248367909,39.97397180216566
34005125020,-74.89651464780134,39.953752684762094
34005125016,-74.87219820212454,39.92555068043871
34005115006,-74.96178248721579,39.95847708359857
34005125026,-74.89750375055594,39.97202208516677
34005192024,-74.87155932814673,40.01912349201033
34005125018,-74.86880731556515,39.97487837568722
34005115009,-74.96299565506737,39.983349680301366
34005110001,-74.79653571152114,39.861274863737584
34005125007,-74.93803443972934,39.91990400844513
3400525301,-74.84286381027489,40.07956142636683
3400545004,-74.93882061067511,40.04654765645351
3400550206,-74.94532570110269,40.00084881902416
3400525201,-74.85862561651597,40.079826826782465
3400555003,-74.76415557233186,40.01428836950578
3400565014,-74.9311396949994,39.88892614337738
34005125013,-74.91499972393616,39.92348317272054
34005115003,-74.97135032508034,39.96051050033552
3400550102,-74.97198800484385,40.028617007973565
3400565010,-74.89455960633946,39.88106330994478
34005110004,-74.81214688122822,39.86153233769756
3400595005,-74.74678765749799,40.06513425275235
3400530004,-74.87706893446456,40.05406168749069
34005192028,-74.86731041671278,40.01572452920297
34005180005,-74.74957446267932,39.85774614156116
34005125017,-74.91640731691186,39.92928040385211
34005950010,-74.80879510717601,39.97264451690567
3400595008,-74.67561505705454,40.071864578380286
3400565009,-74.90003200738764,39.899939373677554
34005192008,-74.90029986194668,40.028368672819305
3400530011,-74.83123685849962,40.082757889885016
34005125004,-74.85794859566084,39.98852493602032
3400550202,-74.93774973415479,40.011627290078074
3400575103,-74.78537388783636,40.1177868074438
3400520008,-74.69165529747748,40.129565840004204
3400550307,-74.95073799118124,39.99713085657071
3400530010,-74.82315106432436,40.097854665035065
3400565026,-74.92132701358443,39.87455070146086
3400525401,-74.86063320331728,40.066613555412864
3400530012,-74.82513361826621,40.08373331558368
34005125012,-74.86757719620462,39.9902857792096
3400540013,-74.97294837553353,39.99212386749163
3400515102,-74.70642479738005,40.14419356224033
3400515101,-74.71155051639278,40.14129505988658
3400550104,-74.96503602450825,40.02175993357872
3400540004,-75.00668404435281,40.000192802049554
34005165004,-74.69356838982283,39.76841068854068
3400595001,-74.69373046066028,40.09907110990638
34005150014,-74.58932940843906,39.91447778208786
34005192016,-74.87292966317094,40.04148092212213
34005155001,-74.94649843938728,40.037833087341795
3400540010,-74.96628944467767,39.99664525250795
3400535001,-74.65755291063218,40.14577993283546
3400595004,-74.75053975730827,40.06590510270046
3400525302,-74.83924184775152,40.07570300428593
3400565027,-74.88197268041475,39.85587751417299
34005115016,-74.93502474527148,39.96932173579113
34005180004,-74.63515704313002,39.81131903769219
34005150003,-74.5697837356749,39.98139169584281
34005105012,-74.78164129568592,39.8469823715332
3400590003,-74.76538628711683,39.968895874446005
34005192014,-74.88593167717083,40.029338333209644
3400560008,-74.92256854087411,40.04660539545152
34005125001,-74.92790518020679,39.93569871203512
34005105004,-74.8180728733328,39.86573551505943
34005150011,-74.53841724182666,39.95233154380074
34005125009,-74.92979008956195,39.92635526381864
34005192023,-74.87380576175646,40.02628138505754
3400595002,-74.72182597989315,40.081271212468614
34005125005,-74.87603354277921,39.96757855223002
3400575202,-74.77118459642708,40.103106510091926
34005135001,-74.56203314015336,40.06365091045122
34005125014,-74.86819923432685,39.96151329880831
34005105017,-74.7998811017448,39.91871895763512
3400525202,-74.86060291719744,40.07369251333614
34005105002,-74.8407785890246,39.893480669921104
3400560003,-74.9054247183834,40.05980080827953
34005115002,-74.9802493580713,39.96937763021966
34005125002,-74.88055294692745,39.985607686733466
34005170001,-74.72536740348242,39.95663687973028
34005192012,-74.89385732054593,40.02623151666693
34005190001,-74.84831912225488,40.01692375836359
34005170004,-74.736172324809,39.887153974823484
34005105016,-74.82744041350621,39.81178839448608
3400565007,-74.91239997770522,39.90127590059374
34005155002,-74.95542431535934,40.03958178073597
3400565016,-74.90856022092336,39.86225098943879
3400540015,-74.98842879988314,39.99554123426939
3400510003,-74.91590770843034,40.065927927807806
34005105005,-74.85222566395002,39.88375304692367
34005105013,-74.80653618927732,39.83886428802345
34005192015,-74.87331983198813,40.03530150769477
34005192013,-74.88912106645266,40.02017598983586
34005192029,-74.89553572559852,40.01480741296894
3400580002,-74.84852081512183,39.979735839667605
34005115001,-74.9905062935448,39.96483560077634
3400565022,-74.90094918120816,39.80471514681004
3400580001,-74.83448860063679,39.98971853709736
34005125011,-74.9284428405812,39.956062438623704
3400560004,-74.90180787578973,40.058638098771794
34005120003,-74.7793163051566,40.0015631904768
3400590001,-74.81093394512038,39.94257415451785
34005180001,-74.70592345343852,39.85807446485423
3400525101,-74.84805543006371,40.088457350476496
34005115005,-74.96177082912475,39.94833709116114
34005180003,-74.72655600116167,39.830668496674626
34005190003,-74.80454562615338,40.008880855771345
3400595003,-74.74921379648711,40.09539227905559
34005150002,-74.54266830020906,39.98339491164048
34005192032,-74.8603424412056,40.03450377035978
34005165003,-74.78766796024884,39.80530237328534
3400520002,-74.69968716712901,40.16482815237557
34005160002,-75.01027600627191,40.006204320943866
34005192026,-74.86840059652471,40.023828481068264
34005145001,-74.68586568951153,39.97135791580936
3400565019,-74.87708868562164,39.838772551176476
34005192025,-74.90653983255872,40.02234160720146
3400530005,-74.8624798002741,40.05980231879698
3400545001,-74.96771107095906,40.04727845177483
34005135002,-74.5990173137514,40.06014063572296
34005192009,-74.9004014603057,40.036947080341555
3400580003,-74.8496156799325,39.960533631073474
340293004,-74.25033438309988,39.74333291799221
3402930031,-74.12966165533678,40.087542923637834
3402935035,-74.15007808572221,40.010568211125275
3402925415,-74.25201862723117,39.97266837944503
3402930050,-74.14596772176405,40.064991440040956
3402930014,-74.10161058097908,40.079499326574165
3402930017,-74.12108104519587,40.114199385307955
3402925220,-74.18786581894821,39.88509980688023
3402930042,-74.0952134498518,40.09937875426968
3402925211,-74.16022061055835,39.91288287742467
3402935054,-74.16244243151363,39.9687564508695
3402925235,-74.16912347878495,39.8946833531759
3402930001,-74.10018124817226,40.11045825683609
3402925410,-74.26749617484053,39.968374306816784
3402930045,-74.11566480834409,40.03695669274606
3402930021,-74.14776155130923,40.04272802319422
3402935053,-74.11047819315266,39.958898589453476
3402935024,-74.20742930047876,40.02183322619705
3402930044,-74.13570860117242,40.02289851710451
3402960003,-74.19217485765395,39.853623156681
3402935049,-74.19690588143105,40.02563262876163
3402930040,-74.11085733356599,40.06581340438811
3402935034,-74.1618492727998,39.948300209065096
34029102003,-74.19973042877155,39.771240025439944
3402935026,-74.08051149362072,39.95400458234481
3402930037,-74.1016638691377,40.04011525894264
34029110002,-74.17208209286296,39.9343044711312
3402925205,-74.17574464519416,39.92121697260664
3402935057,-74.17404176266025,39.98217502166072
3402935044,-74.19413918637719,39.99706118696932
3402935016,-74.14476753036755,39.96410290958176
3402920005,-74.19328038483798,39.928845245869525
3402960017,-74.1847224423615,39.81563432152543
3402960001,-74.21342753761415,39.82262123471901
3402935058,-74.2525252721587,40.04636394869073
3402925236,-74.17150854657044,39.90360039530679
340293006,-74.24572112847918,39.750782375046576
3402930049,-74.14758620652633,40.025389914712214
3402925421,-74.25664184374209,39.97878647556586
3402935003,-74.180718898591,39.9481322847671
3402930006,-74.12771815703194,40.056353388570095
34029145001,-74.20129870673462,39.94307349159327
3402960009,-74.21681222665333,39.85018186662261
34029120014,-74.08760483017747,40.084171726656926
3402930005,-74.08462914802008,40.056469730605734
3402935004,-74.17472649799092,39.96503106779208
3402935047,-74.23600606544896,40.04818993172497
3402930028,-74.13218889158753,40.09982427444113
3402930024,-74.12841959793492,40.077443444406946
340293008,-74.26020504254136,39.7723014477401
3402935007,-74.13057729494867,39.94500643051449
3402930018,-74.08642946235373,40.065087415841
34029102002,-74.2223392294796,39.78962131562461
3402920001,-74.18756260649843,39.940109650354685
3402920002,-74.1915032739026,39.93558918810737
3402935033,-74.15388021511147,39.97429489821417
34029150015,-74.26464693957656,39.71024771490836
3402930011,-74.07260234453369,40.041472013040945
3402935051,-74.20334741705038,39.98065957850462
3402930019,-74.12074571363215,40.02793780649591
34029150019,-74.28621658655835,39.74455951187951
3402960008,-74.17170952635611,39.82263031834414
3402935042,-74.13777835576855,39.989922446830356
3402935002,-74.19497349682678,39.95933230521219
3402930016,-74.15131905399093,40.06658621165491
3402930008,-74.13378642538227,40.03762208834674
34029150009,-74.29577295453079,39.74486035057142
3402935030,-74.23922667605375,40.040478630825
3402975002,-74.06809862297723,39.970162318445034
3402930038,-74.1053242697416,40.08604376094908
3402935055,-74.1126433332571,40.00954516069114
3402930036,-74.13409706456693,40.02728681808514
34029150011,-74.28796481689763,39.73329492050408
34029145003,-74.21780217912706,39.94287158522879
3402960005,-74.16505677698031,39.84769183481356
3402930020,-74.14901961037529,40.05205897651739
3402935056,-74.18091961926292,39.99176235286047
3402935025,-74.21786250351202,39.997812219732374
3402935032,-74.14499962162415,39.953183177376474
3402930043,-74.14551622462362,40.08534695203833
3402935011,-74.14579686519289,39.98251031491849
34029150008,-74.29298235927581,39.73851618516094
3402935043,-74.18906381634379,40.02940935962632
3402930035,-74.1520930717912,40.03402461989377
3402935019,-74.15915372844906,39.96397927433654
3402960015,-74.15473557375681,39.84078065699422
3402930003,-74.14076237649047,40.07550740155108
3402925409,-74.2373141781224,39.96505830326504
3402930029,-74.14482621857317,40.0993996621311
3402925418,-74.26757777637583,39.97389816220448
34029ZZZZZZ,-74.10090938037489,39.774226521170355
340293009,-74.2844874986322,39.76963669679767
3402935014,-74.23997487042064,39.98443813478649
34029102005,-74.225987595596,39.78299588267154
3402935010,-74.19379971096713,39.96598868278866
3402920003,-74.2017840968489,39.933127555705234
34029150018,-74.25369350230143,39.72792042369769
3402930026,-74.06606144154789,40.014071654229426
34029110001,-74.16707834869374,39.93777987928563
3402930012,-74.09785359508108,40.07365069793918
3402930015,-74.10145611627533,40.06638372767893
3402960012,-74.1815835759189,39.864897029282474
3402930022,-74.10303269768976,40.09343948971471
3402995001,-74.05088977711596,40.04386067860681
3402935039,-74.16034792184068,39.99138883908004
34029150017,-74.28145795766913,39.69630258620978
34029135001,-74.07925075330672,39.9187859423687
3402930025,-74.07952624255307,40.023817847980176
3402960007,-74.18755980878572,39.829519864235394
3402930051,-74.09511008854567,40.0670216629962
3402950002,-74.14698749216,39.94628894974059
34029102004,-74.19184340952116,39.78187158305362
34029130001,-74.07868856754581,39.94514405256185
3402925232,-74.2650722532125,39.92765855922988
3402935017,-74.11695794052082,39.98340755705751
3402925134,-74.11136904799955,39.92058957818378
34029150005,-74.33111231455446,39.730496788205556
3402960014,-74.12544970100605,39.84700301668855
3402960013,-74.12495144214014,39.863656414449444
3402925327,-74.2359949911898,39.95638238837136
3402920006,-74.21012208731916,39.92205429611992
3402935005,-74.12791992888246,40.007128022929386
3402975001,-74.0751696394596,39.96936180126875
3402930048,-74.12615885916766,40.097411134186515
3402930030,-74.13968077158118,40.089820363827215
3402935027,-74.15781529760169,39.957450278357534
3402960016,-74.20170872283684,39.87198482308524
340293001,-74.20586189600594,39.75727857831708
340293010,-74.2493747874675,39.75521493348282
340293007,-74.27940436590087,39.75766826062682
3402935012,-74.0952527236535,39.98455943547428
3402930039,-74.13243906485846,40.10773454986871
3402935021,-74.20763534564544,39.988081063394816
3402925412,-74.25732285914985,39.9651046134848
3402935029,-74.14402242399773,40.00031017296094
3402930010,-74.10765391263513,40.024854797259536
3402930054,-74.11329047905923,40.10173079150285
3402925116,-74.13004548787232,39.87306379748754
3402925233,-74.16415247214697,39.910287621966155
3402935006,-74.22660851510622,40.02421855843725
34029150012,-74.27651454270885,39.74117573758497
3402960011,-74.21732050658687,39.83700739698506
34029105001,-74.13550684900753,39.92604592197907
3402925330,-74.25899310460417,39.955615795686384
3402935015,-74.15798687345384,40.01949839327487
34029150010,-74.27672344059981,39.72131399929299
3402930052,-74.10767197233149,40.09685784461985
3402925103,-74.08900854018658,39.92396705208587
3402930053,-74.09482487454481,40.029239642731525
34029120013,-74.082235626646,40.08259156375852
3402930007,-74.11738830793193,40.04811858723899
3402935059,-74.19619937983491,40.03418816107202
3402925329,-74.23700340549182,39.95135357490466
3402935050,-74.19123868875653,39.98082692276192
3402935020,-74.12773960681638,40.01507602202957
3402925425,-74.2783871085431,39.97415961970444
3402935060,-74.19160046867998,39.97063942072026
3402935022,-74.1740914158612,40.02486052848469
3402930033,-74.15437193884931,40.0280866117922
3402935028,-74.16203592361694,39.97831127199369
3402925313,-74.25198522992216,39.962454784178306
3402935036,-74.19706220880391,39.97451417196957
3402935023,-74.17483759009365,40.00916688003241
3402930032,-74.11809271143679,40.07397607390703
3402925328,-74.28199554629066,39.96323388607439
3402935048,-74.24623293320673,40.0521956361943
3402935013,-74.22093428352412,39.97304433100353
3402935001,-74.20971255674205,39.960655312689084
3402925338,-74.27360106504696,39.963335119053504
3402935045,-74.23828643851873,40.021126386285424
3402925417,-74.25805713321658,39.97080306566842
3402930041,-74.10838753818972,40.12440604631636
3402920004,-74.20345172791268,39.92808752168279
340293003,-74.24349677523864,39.76333913141398
3402925137,-74.1635873541224,39.93167396203689
3402930034,-74.1357219635019,40.04983836628696
3402925326,-74.2824685136205,39.956412938400454
3402930047,-74.11910953993954,40.087358377750874
3402930009,-74.10195497501786,40.049024567184134
3402930027,-74.12107062926773,40.10484527755557
3402960004,-74.16378380427672,39.864769910739035
3402960002,-74.20032424839154,39.845539627563255
3402925102,-74.12132660977507,39.89034763510502
3402935008,-74.07135851874081,39.991973747299646
3402935031,-74.11118750015946,39.946068269707546
3402960006,-74.13629689958174,39.82111974928813
3402930023,-74.13558551931631,40.08848572879839
3402925423,-74.26780848822999,39.98271106140165
3402935037,-74.21254707085305,39.9756934147417
340293012,-74.25828963480912,39.76798388386463
3402925206,-74.19714033726488,39.905988941617444
3402950001,-74.14399949214072,39.93988547655194
340293005,-74.3611936640029,39.79431369855542
3402935009,-74.18400358845344,39.95798638300942
3402935038,-74.14190416251412,39.97322226900707
3402960010,-74.3136486197262,39.86440075089803
34029150014,-74.30038294440446,39.747845099703156
3402930046,-74.15409989901687,40.04718520512872
3402925422,-74.2607318667103,39.976313817995766
3402930004,-74.1218617360359,40.064613190031416
3402930013,-74.15220757955966,40.03837495550421
34029102001,-74.20536317753505,39.800820834770995
3402925414,-74.29249936515393,39.96067681620353
3402925201,-74.21765412473387,39.94959058690994
34029150007,-74.28373698166499,39.72697674603596
3402925308,-74.23534429037745,39.96077494065869
3402935018,-74.2259533902971,39.963183713823796
3402925424,-74.27612587016445,39.9794751597383
340293011,-74.22890571672802,39.766958659662066
34029135002,-74.07724669039804,39.93155795965533
3402925331,-74.2376621429766,39.945589685152385
3402930002,-74.09346322096246,40.089755001940034
34029145002,-74.21617569472862,39.93701475566969
3402925104,-74.14338486541855,39.91436582479145
3402925000,-74.09375106265828,39.82296895875851
3402925319,-74.26773575402927,39.95867123615363
3402925107,-74.14853937685605,39.92840755912064
340293002,-74.18826303146913,39.734718344027975
3402935040,-74.21117986020906,39.95475425703476
34029150006,-74.2689278211416,39.73538946435609
3402930055,-74.09287518814342,40.01615803381502
3402935041,-74.133797129547,39.960047866269626
3402935046,-74.13414320172491,40.003965142720475