3403540232,-74.50863838039182,40.50390581511615
3403540435,-74.48884927330053,40.49753388683106
3403595002,-74.52220521469293,40.55280954128507
3403540144,-74.55003834158788,40.442580404008005
3403520002,-74.53201005779201,40.576373811511544
3403540238,-74.51666395637785,40.50963549652866
3403540101,-74.55960866518345,40.45672674739663
3403540527,-74.48758036935645,40.510831613036714
3403540214,-74.50904697196808,40.52904925932029
3403540106,-74.61117696445243,40.403428359787824
3403540145,-74.55493882534651,40.43485572580955
3403540404,-74.47497570595942,40.49387128760523
3403520005,-74.53222159393037,40.56976621175858
3403540347,-74.56943622700062,40.48511627766162
3403540109,-74.59542035259598,40.42877551082758
3403520006,-74.54833771157257,40.56544575081648
3403540411,-74.48901473182934,40.49065373709013
3403540142,-74.55218408256144,40.43834816899256
3403540234,-74.50040724587309,40.52453478379616
3403540237,-74.5235512734886,40.50325238068218
3403540412,-74.49546327082564,40.48148024264832
3403540130,-74.58107812533635,40.44415694599625
3403555001,-74.5987642543976,40.54833438238417
3403555006,-74.6011719582518,40.52959315504572
3403520004,-74.54082131188063,40.5601468588978
3403520001,-74.53235678762856,40.564653169222915
3403540143,-74.54467797278241,40.437266040846964
3403540217,-74.53673758362633,40.51956386416104
3403540528,-74.49250436811114,40.51491131107508
3403520003,-74.55116247015566,40.570522816532076
3403540521,-74.46228127363345,40.49315798382827
3403540508,-74.49828779017034,40.51567735035224
3403540513,-74.46442827607405,40.49791194442389
3403540210,-74.529382323209,40.54613672717161
3403595001,-74.53358437872225,40.556011814100664
3403555008,-74.57836790804045,40.54119753479229
3403540318,-74.54735071798471,40.48435922384954
3403555007,-74.59603747950995,40.537122482766165
3403555005,-74.59552779286868,40.54046265483632
3403555003,-74.58254691660883,40.54928017578143
3403540426,-74.4984854692641,40.49630496003897
3403540333,-74.51720051126524,40.49722451770012
3403555009,-74.59303629372872,40.532557494475576
3403540529,-74.47572358135892,40.507014433916815
3403540522,-74.46947669226329,40.501420825916995
3403540325,-74.50942586953677,40.49470089738004
3403540331,-74.52318226240119,40.46866098477109
3403540516,-74.4843252797848,40.50741067144352
3403540419,-74.48049952625107,40.5001721585631
3403595003,-74.52983750424883,40.55099263170892
3403540303,-74.56376187839807,40.50639426384993
3403540341,-74.5343953142971,40.45150199765991
3403540336,-74.52184127960217,40.487475512197264
3403540424,-74.50168641505034,40.49031846701259
3403540507,-74.47122876508803,40.50465235730209
3403540420,-74.49414795161714,40.50301033864742
3403555004,-74.58424682647785,40.54242885964128
3403540202,-74.53537877318387,40.53663526619768
3403540240,-74.52005027872202,40.51800127495788
3403540239,-74.50855520031132,40.51542554693713
3403540523,-74.49861677438946,40.50729555680937
3403540505,-74.46923082514122,40.489725788443536
3403555002,-74.59387271673121,40.54705891015119
3403520007,-74.54031442714101,40.569717692053494
3403540215,-74.56512786875021,40.529821421773846
3403540146,-74.56127509630245,40.43325840661453
3402365114,-74.48031233841493,40.29943394428491
34023105029,-74.50782709805989,40.37853749580966
3402320018,-74.41012366688815,40.46472137849828
3402375010,-74.46513693084063,40.46559821511099
3402340002,-74.44359583225317,40.35676295435231
3402375004,-74.47426259485476,40.461230128630795
34023105003,-74.59769358770191,40.374865155246006
3402377302,-74.30365419872327,40.44812590650391
34023105004,-74.47752147294638,40.400771434352485
3402375020,-74.51293809786772,40.43668401554105
34023115011,-74.3710305303245,40.44219517090385
3402320003,-74.39265083155207,40.44479687527305
3402375002,-74.4742059474875,40.447879694234516
3402390010,-74.55176260064299,40.32669589702404
34023120002,-74.39657647368035,40.38577979676522
3402360002,-74.44632591013293,40.454972972881286
3402365103,-74.47028231525262,40.328464659373545
3402365209,-74.44746567754126,40.3374188956398
3402355007,-74.5138806429932,40.56281437083891
34023115013,-74.38369715974412,40.442983093219205
3402320014,-74.4252619825233,40.41346872686663
3402375006,-74.44067960756784,40.47176755293839
3402390009,-74.55570286139243,40.327722935589996
3402377304,-74.28907374041759,40.4420355042018
3402375001,-74.45429000755239,40.473236604713044
3402320032,-74.42402439245157,40.4607794526543
34023105002,-74.55256731847548,40.38471769494535
3402365106,-74.46767490007365,40.3151161468496
3402390012,-74.56234385113811,40.32891791222673
3402320010,-74.4373882893983,40.3831957912792
3402320013,-74.3924591091902,40.4732897653855
3402365202,-74.42022493206599,40.34659088440319
3402320039,-74.4180410289573,40.39292013820927
3402365305,-74.39214699478923,40.36203324840501
3402320027,-74.45801603322789,40.42414463767024
3402320008,-74.42066358693869,40.439802348937455
3402355001,-74.48001038088718,40.588164216448014
3402377402,-74.30856107750562,40.405472641161
3402390002,-74.56404710220563,40.33419897525806
34023105019,-74.57036089681702,40.39448759967361
3402360001,-74.44345938662565,40.459713483372234
3402377405,-74.318845441965,40.4007986889102
3402365201,-74.41612817808594,40.36583208382675
3402365113,-74.45238044035669,40.30711947792342
3402375022,-74.50389252901374,40.45567259415723
3402315003,-74.47010759471817,40.594648046786766
3402320040,-74.413187100654,40.40826337993602
3402375009,-74.49555208209215,40.45329355089184
3402320037,-74.4125228147034,40.412109434883746
3402355009,-74.50422638123867,40.57501439107087
34023105011,-74.53082141881741,40.431318038836146
3402320009,-74.40707821012536,40.43691689236376
3402377503,-74.33223987112902,40.39603468425039
3402375023,-74.50898101582109,40.4495066551483
3402320023,-74.43667655199681,40.406467614531756
34023115006,-74.39019588325283,40.44388724519483
3402365302,-74.37750270513926,40.37309040132547
34023105014,-74.52383184540948,40.38377380837588
3402365207,-74.44313470841287,40.3070122963145
3402320006,-74.37219451861694,40.40931535487295
3402375018,-74.48537232585804,40.46517472073505
3402390007,-74.61966161265376,40.354489255786824
34023115003,-74.39177655408892,40.45171014396597
3402377408,-74.31299956188096,40.390700277352806
3402375027,-74.4847697753873,40.4385747302647
3402360007,-74.42909652714833,40.445684878039
3402320022,-74.42073135045715,40.418825396104424
3402310002,-74.54639583736267,40.30384900240414
3402377506,-74.31982641741644,40.393909830420995
34023105018,-74.53956656188984,40.430177564345534
3402365306,-74.38341526161928,40.331161235957765
3402375005,-74.49301536735689,40.46337373528249
34023115012,-74.3695606448565,40.44473368505762
34023105010,-74.56826935366736,40.40422764847952
3402375014,-74.46008713158325,40.46904489138708
3402340001,-74.44576667798088,40.35011733947969
34023105026,-74.58818457132946,40.36625152731972
34023105013,-74.5191350467424,40.37874831188074
34023115005,-74.38858987750277,40.448156123216634
3402365105,-74.47579293515804,40.33346988453024
34023115004,-74.37795273655338,40.43661053913982
34023105016,-74.5838285315208,40.39620751040663
3402375025,-74.49780074396581,40.42331897727496
3402375017,-74.51356739399371,40.44968524884548
34023115001,-74.38780500155316,40.45874741617915
3402320034,-74.43807263789795,40.42055293105023
34023105023,-74.5430375413046,40.392091635560014
3402320012,-74.40461792753531,40.41576230492176
34023105015,-74.52989702372132,40.35433526380501
3402310003,-74.50493928952984,40.29535048355215
34023120001,-74.39973855077722,40.39674773529399
3402315006,-74.47417241866327,40.59192051713952
3402365104,-74.4698553080967,40.33439835073479
3402377301,-74.31192484056606,40.444028330803164
3402360008,-74.4326492951904,40.4398789852618
3402320035,-74.41390348334804,40.43590681005852
34023105021,-74.53609436077012,40.4202600779432
34023120007,-74.4043195422418,40.38769498068312
3402355004,-74.50851957988289,40.5808494038803
3402330001,-74.42375730936865,40.377775284915714
3402320002,-74.36487199495105,40.42111710259213
34023105017,-74.52828219953064,40.409823620191716
3402355010,-74.49097236088177,40.57328134033555
3402365111,-74.45282413403932,40.36257920916537
3402377306,-74.29042211830851,40.43345469228863
3402375007,-74.4560711094761,40.44952949765816
3402320007,-74.39879272738293,40.438103940608634
3402360004,-74.441321682706,40.450180784597784
3402377502,-74.3296224284755,40.400424298059285
3402365204,-74.41885058944611,40.300003401697765
34023105012,-74.52765396735951,40.435253488938926
3402375012,-74.4740329815562,40.46750982158142
3402377504,-74.3353943122023,40.40462775166036
34023105030,-74.53258377472886,40.379216103651025
34023120003,-74.38924991263562,40.39923782923502
3402320005,-74.41197574568278,40.475881025889166
3402315005,-74.46627782720488,40.58451690059833
34023105027,-74.56989083647191,40.37630407587723
3402377508,-74.33008475987685,40.39094215165717
3402320033,-74.40384661841937,40.45908845401788
3402365109,-74.46674302632682,40.30642382160817
3402365303,-74.38534507213559,40.37309530379351
3402377603,-74.35791718325008,40.40404853068566
3402377604,-74.35555504188369,40.398156069106975
3402320030,-74.40462778723561,40.421549897596655
34023115010,-74.36395394550813,40.43578622103174
3402377201,-74.28635821345718,40.4112512920357
3402365310,-74.38598753122763,40.32132082708944
3402365206,-74.44187783497281,40.314289346937066
3402377606,-74.33658014728435,40.382430951219995
3402365203,-74.44176616526094,40.322875972068395
3402320031,-74.39726003831015,40.42962553968691
3402390003,-74.57529674536056,40.3155131276003
3402320011,-74.37891605158558,40.4262058995081
3402377601,-74.36001395627291,40.4085268833117
3402320036,-74.4148340161733,40.40334424456383
34023115014,-74.38287981367225,40.4388797313375
3402375013,-74.46206415888469,40.455324523017744
3402377303,-74.29356530639578,40.44940109833728
34023105020,-74.56078363355607,40.39040544325052
3402365211,-74.44437698027129,40.33230753060503
3402355005,-74.51381581936637,40.57541101117511
3402365301,-74.38294162892032,40.3789891407454
34023115008,-74.37656545113603,40.433067815547886
3402365308,-74.3994745475333,40.31652218029742
3402375011,-74.47634283378265,40.43513869056114
34023105007,-74.58104089534986,40.41354185739197
3402320017,-74.39792573914536,40.40889918249917
3402375015,-74.48627289637237,40.46989762845301
3402365304,-74.3950154896952,40.372672941750494
3402320021,-74.38203082700777,40.41135255100153
34023105028,-74.51496275803419,40.394073264110425
3402315001,-74.46327871764821,40.595586061459215
3402365108,-74.46810788803232,40.311873051900776
3402377501,-74.32567454153421,40.39504267866011
3402375021,-74.474942708575,40.45446080409484
3402375024,-74.50656016645053,40.44281749244531
3402377607,-74.3534723080337,40.40576064916656
34023115007,-74.38167509871398,40.4480848082037
3402365101,-74.46672438097988,40.3199918075227
3402375019,-74.49028867461578,40.4415915654477
34023120005,-74.38027859650808,40.39572722024558
3402355008,-74.50491112451952,40.56859357825158
3402377407,-74.31026540512018,40.39390426829743
34023105025,-74.58282746648071,40.3855574717956
3402375003,-74.4618547169153,40.47396380048133
3402365307,-74.3806868874,40.354959631682824
3402360005,-74.42764384274655,40.45232802570404
34023115009,-74.3747851515389,40.450091382236245
34023120006,-74.38274972332759,40.4036829406208
3402320015,-74.41835328126247,40.46632808040252
3402377605,-74.35235710660226,40.39190644829082
3402315002,-74.45946236596572,40.5888351418672
34023105022,-74.54766913198308,40.420843686922126
3402375016,-74.45983208439864,40.46421761540096
3402390011,-74.57026659073449,40.330280350908076
3402320028,-74.3731281454731,40.41366968408298
3402390008,-74.55896558378862,40.32463067520078
3402377505,-74.34816663968898,40.40453755777166
3402360006,-74.43647033640133,40.44669384509164
3402390004,-74.59677865585056,40.35037277742261
3402360009,-74.43232534676851,40.45627775319797
3402310001,-74.51409900571667,40.32275133901957
3402390006,-74.56748159828135,40.34439035446657
3402377401,-74.32451307904105,40.420760208469154
3402390005,-74.60614850070823,40.33424542910288
3402320020,-74.42753219318597,40.43088057136335
3402365115,-74.45863244648785,40.330908040424355
3402320029,-74.40977417718379,40.44794592882185
3402320001,-74.41621754749352,40.42579039817212
3402390001,-74.59539219967981,40.325006634163
3402365102,-74.47091902055553,40.341565075059314
3402375008,-74.43548623661806,40.4666894332873
34023105006,-74.55791743310672,40.40737856007527
3402355003,-74.4970488087602,40.58071767154192
3402377204,-74.30000896077702,40.410413496614645
3402320019,-74.41454224137891,40.45751294353357
3402340004,-74.44239994890553,40.346095300716605
3402365205,-74.45196673146083,40.317985130053884
3402320026,-74.37154204272946,40.42857048089545
3402365309,-74.40151221115072,40.37740657985331
3402360003,-74.43903812265825,40.456171005167576
34023105024,-74.57358613650749,40.41729964134316
3402377602,-74.36912998532463,40.39178933918751
3402377404,-74.31169889135262,40.39895109567271
34023105001,-74.48747967248471,40.36989856792876
34023105005,-74.56258887565087,40.41803003575719
34023115002,-74.38475545982155,40.45190307777189
3402365110,-74.45910597391938,40.30690694541355
3402377509,-74.36563023498958,40.36214388277232
3402320016,-74.38099112656036,40.41719989484371
3402355006,-74.52046193748014,40.56791828664093
3402365107,-74.45989408205278,40.31485306300127
34023105008,-74.55367552843073,40.42406829182989
3402320024,-74.39366317909631,40.415875651946415
3402320004,-74.44952330135023,40.44050448887096
3402365112,-74.46514301803245,40.346805497914694
3402315004,-74.46832615325383,40.5902120146062
3402320038,-74.38869017425073,40.425291431562556
3402377307,-74.29263973590369,40.42943986586996
3402365208,-74.44966409660633,40.313733000588506
3402377305,-74.29942182040891,40.42528052343309
3402355002,-74.48727668252721,40.58379742984161
3402375026,-74.50231138093748,40.448807792751296
3402320025,-74.41086208168335,40.42973038255516
34023105009,-74.56389522810728,40.42330608993816
3402365210,-74.45919807743323,40.276912079563466
3402340003,-74.430986727253,40.34755911684854
3402377507,-74.33596568273326,40.358727066718345
34023120004,-74.39586883286098,40.40196602133848
3402365212,-74.44853218837605,40.32334753020836
3403980012,-74.36860577153007,40.643693990642596
3403960301,-74.41762961367957,40.61049946595402
3403980018,-74.3740675632979,40.62980037719001
3403980014,-74.36377801857972,40.63654301952112
3403960211,-74.39686967437505,40.632738063104206
3403960201,-74.41454063350862,40.617430672508256
3403980015,-74.35432733188539,40.62972340338141
3403960308,-74.43080246452054,40.59951357529116
3403960107,-74.407362737755,40.6323416246198
3403960401,-74.4312395719551,40.61069879149362
3403925003,-74.37760689796644,40.641620657321035
3403980010,-74.37601015561327,40.651873002025134
3403960203,-74.38857947645397,40.62865124876143
3403980007,-74.38624583842572,40.66229086168413
3403960106,-74.41126422305275,40.63839651499533
3403960309,-74.42553540206474,40.60580979373499
3403980019,-74.38097483249408,40.621916754245554
3403960302,-74.41198644452908,40.60929450077717
3403980001,-74.40382734710558,40.648994772217904
3403960304,-74.40386952894478,40.603029112842606
3403960104,-74.41332339855174,40.63351730844837
3403980003,-74.39065457636173,40.65249042073005
3403960305,-74.41251704511113,40.602820199813614
3403960209,-74.39408158602077,40.62101216665259
3403925007,-74.38724713519831,40.64911775740176
3403980013,-74.37061782802299,40.6378801465107
3403960303,-74.39996643205765,40.60547198036773
3403980016,-74.33706457518635,40.62239051342478
3403960404,-74.43523442312461,40.60112190089746
3403980020,-74.386187927947,40.60938777299369
3403960102,-74.4204094870631,40.62049092588454
3403980005,-74.39324699381255,40.65724300961303
3403980004,-74.39800538484646,40.65435080116081
3403925006,-74.38245777769768,40.64561720720138
3403960307,-74.42332835469583,40.60207495882494
3403960402,-74.44926262958673,40.60355106955524
3403960306,-74.41867241602716,40.60290191446686
3403960210,-74.3954416901148,40.62634940375574
3403980002,-74.3998559353928,40.645459965115
3403925005,-74.38644616615659,40.6366259336549
3403925002,-74.39114507118416,40.64291491534763
3403960405,-74.43913908061047,40.601504688370746
3403960103,-74.41440757037701,40.62379484960295
3403960202,-74.40981489550897,40.6138931755628
3403960207,-74.40474370718498,40.62295294404152
3403960101,-74.40264782317306,40.63701404434559
3403960205,-74.40263113916362,40.609894305280164
3403980006,-74.38966712972477,40.65980309564234
3403925001,-74.39515000906822,40.63970695273422
3403980011,-74.37042758987936,40.64940961915817
3403925004,-74.38117621025656,40.63467039212831
3403960403,-74.44521629864941,40.600339761372645
3403960108,-74.40759093734029,40.64088336306237
3403960105,-74.40930241849202,40.6282335718646
3403980021,-74.35186827602398,40.6163492521142
3403960310,-74.42702599315388,40.608975154379976
3403960204,-74.40893371091202,40.62069415250283
3403980009,-74.37958345471858,40.65639998117226
3403980017,-74.36631742221189,40.61482508115315
3403960208,-74.40064740620734,40.62497867222441
3403960206,-74.40024327799266,40.61499797063919
3402110019,-74.82821868109669,40.26066344650445
3402155S09,-74.75641547246427,40.195660917261016
3402130007,-74.81501277632778,40.32752421009847
3402130002,-74.86012234119033,40.30123606112266
3402155W02,-74.77577705250546,40.23901883793037
3402135009,-74.7344579754768,40.24693403813024
3402155E01,-74.74398034250027,40.22113480797938
3402145005,-74.65871553203506,40.35381343944293
3402155W04,-74.78473475519374,40.23536531109148
3402155W08,-74.78028565160369,40.22963918209454
3402110012,-74.78136312182822,40.24797125393063
3402155W16,-74.78373246181962,40.22778809154783
3402150004,-74.65734720613348,40.36341257518511
3402145009,-74.64203069734705,40.35322770906953
3402130003,-74.88124489158261,40.33010591786138
340215010,-74.49700073900785,40.261515584185894
3402150009,-74.62972004058658,40.35825038492298
3402155W15,-74.77729296325823,40.23257600095721
3402110028,-74.76533336320323,40.25937201796076
3402110007,-74.75542206107434,40.25704452050191
3402155E09,-74.73566782173683,40.21426238814385
3402110004,-74.78226882228964,40.258096523067664
3402155W13,-74.78109237535215,40.235674273198
3402155N01,-74.73973378227264,40.236772049310375
3402150014,-74.64741533734063,40.37871599693173
3402165010,-74.6510076325336,40.32603104121642
3402130006,-74.76545086147028,40.3982860225396
3402145002,-74.65032540646995,40.3496137373755
3402110031,-74.77425743702771,40.284937771727975
340215015,-74.48621961451536,40.270639048020605
3402155N10,-74.76329848744972,40.23181838579941
3402135006,-74.74314830892038,40.257826720821164
3402155E12,-74.74758992623617,40.21230384061677
3402165002,-74.63277865540495,40.33104432863491
3402110032,-74.78677193565018,40.27407345237813
3402165014,-74.62237935311164,40.282747651400406
3402110010,-74.76244633572993,40.240505598199434
3402135021,-74.75312926441352,40.2972719613579
3402110006,-74.77560533457684,40.251771542600565
3402110011,-74.77677545757565,40.24545784573505
3402135018,-74.74571630409864,40.29063597962059
3402165011,-74.59830706906021,40.28536321842919
3402165001,-74.61071577081708,40.2934157877823
340215006,-74.56758760741718,40.273272998503366
340215003,-74.50347111372335,40.25211124562472
3402135010,-74.74544677086548,40.249192524519835
3402155W05,-74.7890576969844,40.23837701714789
3402135014,-74.71763314019428,40.27320990046445
340215004,-74.55214444639046,40.284937948054505
3402155E04,-74.73381744932091,40.22325627016235
340215002,-74.53176192922179,40.24193284259488
3402155W06,-74.7994546684841,40.236395939063456
3402110018,-74.80963395071379,40.2563779493492
3402120003,-74.53121544496868,40.26830118876991
3402155E08,-74.73916878924962,40.21660130378415
3402155N07,-74.74853842049241,40.23046439027971
3402110015,-74.76368102829679,40.26604315046664
3402165006,-74.60953849538987,40.31634330448401
3402155S04,-74.73870833880028,40.2076318459002
3402155W11,-74.77686224354821,40.23625500106116
340215012,-74.4908455864026,40.27032499748276
3402155W10,-74.80873771297149,40.236707673144295
3402150007,-74.66500798166506,40.38058772357396
3402165003,-74.63937079329763,40.27497554340115
340215011,-74.48763398585139,40.261950591101
3402135015,-74.7335122972807,40.301347419550424
3402110029,-74.79293356839675,40.25250492425601
3402145008,-74.6722863071368,40.35098560667875
3402155N08,-74.76696621287515,40.22024234335711
3402155S03,-74.74416744900483,40.203082878597726
3402165007,-74.62959709137795,40.307785108739274
3402130010,-74.77234111558082,40.30143467128146
3402165013,-74.62462184747902,40.25979275920674
3402155N09,-74.77562695813279,40.225894678664375
3402110022,-74.77744527763636,40.27297012634502
3402155E02,-74.74239870247084,40.22649755676599
3402130005,-74.7696776849263,40.328524141402085
340215001,-74.55921169324147,40.25980454972792
3402145007,-74.66936712171963,40.34457099324523
3402150006,-74.6468853401503,40.36545818909783
3402155E03,-74.74973904657054,40.21464954185098
3402165005,-74.61791215092322,40.299176724731566
340215008,-74.52934746704166,40.284529803411885
340215014,-74.56303502708381,40.27223165373031
3402110021,-74.79353003718967,40.28085725787762
3402140002,-74.79085517622083,40.319111321139154
3402155W12,-74.78572222887459,40.228716054769954
3402120004,-74.52545480582363,40.2627372814058
3402150010,-74.62944561608484,40.376357285242584
3402135013,-74.73194289393943,40.28109156319859
3402110016,-74.76630893249872,40.27896855043271
3402150002,-74.67651696447363,40.32429277711164
3402155S07,-74.74948304978152,40.201414451980185
3402130004,-74.82957521692185,40.361570173983715
3402110008,-74.83518667085865,40.28131974709994
3402110009,-74.771490061782,40.244143674948226
3402150005,-74.63632830582227,40.36329295450399
340215016,-74.48654688235911,40.27323587341441
3402135011,-74.72565491768961,40.27375306820287
3402110023,-74.76401956133098,40.2494564419753
3402150003,-74.63707697465993,40.347161785209074
3402155S05,-74.7512996124751,40.20686432199773
3402135001,-74.74035304434388,40.29753933489944
3402140003,-74.78995320686022,40.32526589611306
3402165009,-74.59692740888275,40.304299280344836
3402135016,-74.6892032363715,40.277058831593585
3402130008,-74.7395339245284,40.355344390947664
3402110027,-74.80611786008375,40.24764923989339
3402155E7,-74.74623962158743,40.218150430944135
3402130001,-74.79044727641268,40.29666014427599
3402155E06,-74.73681698098956,40.2215691009523
3402135020,-74.74102919324102,40.30687300397518
3402155N04,-74.75396081071979,40.23618673019657
3402155N02,-74.75508057796624,40.22015860679928
3402135017,-74.74999081165546,40.27943579570066
3402135004,-74.71172897489272,40.317538775922394
3402135007,-74.73131358778843,40.32178297184542
3402155E05,-74.75221361180942,40.21765836787547
3402150011,-74.68938456797358,40.33830951124547
3402145001,-74.65893697358837,40.34651282733412
3402155E10,-74.7331590603485,40.217069475292405
3402110001,-74.84536994410146,40.28239199951355
3402110003,-74.7875482068812,40.266350721788235
3402155W17,-74.7725964697139,40.22822030398142
3402155S08,-74.73713271568805,40.20333241242172
3402155N03,-74.76660630687286,40.22517416593266
3402165004,-74.65546641777794,40.30883365571311
3402120001,-74.5188707768326,40.27161291881532
3402150008,-74.70046572585139,40.36144935637851
3402150001,-74.66428151416825,40.36422089848061
3402155E13,-74.74313515413463,40.21057619469196
3402110026,-74.83577591075263,40.250796754871956
3402110017,-74.78751096889255,40.25484238829512
3402135012,-74.7273164280971,40.26189543902459
3402155N06,-74.76460635601114,40.21452537983818
3402140001,-74.79092465582751,40.33112222183785
3402130012,-74.77930817794748,40.36730461644607
3402110025,-74.77013285496945,40.2554636910522
3402155N11,-74.7567712185132,40.23104481706336
3402120002,-74.52742509244204,40.27369051606272
3402165012,-74.57968520155165,40.28712285442887
3402165016,-74.58169632291795,40.27126961172023
340215007,-74.57165788793196,40.266097942158744
3402110002,-74.8009203662106,40.2673308076964
3402155E11,-74.73990813153144,40.213092239819225
340215013,-74.55822145552303,40.27752821100002
3402135008,-74.73427785736939,40.26701679579304
340215009,-74.50660210368902,40.276871093629445
3402135005,-74.74604807414589,40.244318221796334
3402155W03,-74.80446243688718,40.242253469221964
3402155S10,-74.7618438968107,40.21016849009715
3402130009,-74.8290574978586,40.30425254349775
3402155S01,-74.74412125101415,40.207244094110976
3402110024,-74.84344925603222,40.26988411066364
3402145006,-74.66407071553873,40.352462014209685
3402150012,-74.65347559778782,40.33894648498796
3402150013,-74.68104065542028,40.36897092217794
3402155S02,-74.75812062850052,40.20759114197414
3402110020,-74.8137969262691,40.27667754566016
3402135003,-74.74765647097712,40.267589871903155
3402110014,-74.7916116665721,40.260754152352675
340215005,-74.54906117161987,40.26667549163531
3402155N05,-74.74384446510193,40.240674142605315
3402145004,-74.65361050170134,40.35574746956574
3402125002,-74.76876068614675,40.38703395806215
3402110030,-74.7656512007923,40.27284516004911
3402130011,-74.76074620415093,40.30361043111164
3402155S06,-74.75622182424411,40.203227507546224
3402125001,-74.75830567348997,40.39124806129778
3402135019,-74.69828400469686,40.29199805931094
3402165008,-74.62821523554811,40.29718066731017
3402155W01,-74.79261472029685,40.231608842870436
3402145003,-74.64586669875142,40.35699353942924
3402110005,-74.77618572268752,40.25922634497963
3402155W09,-74.7697618511456,40.23263199807027
3402135002,-74.72399620439076,40.25400736816584
3402155W14,-74.77938089606498,40.223677587115574
3402155W07,-74.79206165714271,40.241755191414924
3402165015,-74.65297087262535,40.28921902042476
3402110013,-74.78571427766441,40.24505865129358