4009914,-97.0265613476631,34.39344177111281
4009915,-96.98043241034424,34.50200313432836
400994,-97.04341400278128,34.47457277747983
4009921,-97.00843793479854,34.52406553022453
400997,-97.22114104060334,34.4396836659473
4009918,-96.91519573060253,34.52737790013891
4009917,-96.87889349147558,34.55951651700733
4009920,-96.97638663699132,34.53067240731896
4009912,-97.10535418140415,34.59465454271489
400999,-96.98636242116994,34.590015446807044
400995,-97.09231728922295,34.54523703436977
4009910,-96.93480275122005,34.42741291960321
40109322,-97.28270011777579,35.47137889032148
40109377,-97.32674535766549,35.47131755521414
40109582,-97.34739208699433,35.40499204077943
40109323,-97.28273187917377,35.485886930797925
40109389,-97.3972231658013,35.44244283122164
40109387,-97.41318879740014,35.44386324233034
40109381,-97.35331221196334,35.45685420001773
40109380,-97.38040621630171,35.44726878692116
40109385,-97.4146542739536,35.469539105526025
40109384,-97.39583798166073,35.47077940007738
40109321,-97.29156866895025,35.442504886212994
40109383,-97.37736541167308,35.46813489945502
40109386,-97.41581348832518,35.4553190331044
40109390,-97.34385465174635,35.48900527675805
40109388,-97.3973271648782,35.45686532750773
40109593,-97.41882244962683,35.43834583148405
40109391,-97.31802448614798,35.48584229282942
40109594,-97.37392758544412,35.434211060633274
40109379,-97.36200303937828,35.44310988129466
40109382,-97.36197809278916,35.47128418585263
40109378,-97.33266860923112,35.44733667543736
40109581,-97.39929032761157,35.40765059074776
4013742,-97.88848254226122,34.32408736254617
4013717,-97.96810877279161,34.51470792738448
4013751,-98.08835572492754,34.615386596515265
4013750,-97.96454550973068,34.58481578280594
4013733,-97.9781953418918,34.62873383956812
401374,-97.94299874250879,34.51437510234515
4013755,-97.6558793504169,34.60898059896946
4013712,-97.96160921605438,34.501291169071514
4013759,-97.66905296226382,34.35392097646097
4013757,-97.88059404932804,34.48767386311133
401373,-97.95776240206325,34.527420453088354
4013763,-98.07205130959909,34.47021791941279
4013754,-97.80917186412937,34.617114865826196
4013761,-97.95688718100588,34.41889841647144
4013731,-97.91711613703998,34.66064848096144
4013741,-97.85299787511114,34.39006651951695
4013756,-97.70204950730913,34.48906100503222
4013762,-98.06056182091086,34.340484793992395
4013713,-97.97133336653256,34.468914594441486
4013758,-97.63624651912143,34.4376151341144
4013734,-97.92841496095404,34.62098488627266
4013719,-97.9833302865371,34.536180678503015
4013716,-97.99807434873678,34.514480922742315
4013753,-97.86215597753812,34.5779881318243
401371,-97.94642025260318,34.53859555764044
4013732,-98.0009085810733,34.66295598894421
4013714,-97.9955733228556,34.49383254605512
40085103,-97.13388764935819,33.79035416858432
40085102,-97.16071525260942,33.898710521374426
40085204,-97.16696072938564,33.959300224453855
40085101,-97.0670455775066,33.8917607505823
40085310,-97.08634600938932,33.981395451126154
40085311,-97.13919081533423,34.02917108405892
40085208,-97.49115849319587,34.02564903716307
40085207,-97.50047311986815,33.94914298120228
40085312,-97.01083016461965,33.99301496601311
40085205,-97.32186516186607,33.94898425445719
40085313,-97.29278193528616,34.02459991521089
40085206,-97.40120692606492,33.87635639786952
401378,-97.94328858089074,34.50000297793409
4001953,-97.39644851772246,34.37039134209281
4001915,-97.10436656783156,34.14483272102383
4001920,-97.12943054568805,34.19115836723966
400191,-97.13348011395014,34.17946520579189
4001911,-97.13733587992739,34.165060911025854
4001919,-97.16066420697219,34.150856142519615
4001951,-97.48346746373122,34.46325016676937
4001962,-97.0498471518206,34.10930041121426
4001925,-97.22144642760946,34.194391455198
400192,-97.16003196364152,34.17995404987078
4001924,-97.13987198898266,34.23570689431612
4001934,-97.3167662239018,34.20960339573689
4001963,-96.99033984818759,34.23048264428764
4001914,-97.13379278194367,34.14988531639904
4001971,-97.46087907182589,34.19072378644772
4001939,-97.37840129336394,34.2454520817723
4001931,-97.29483777842637,34.12431486472321
4001941,-97.48282825243969,34.242754784145305
4001952,-97.50922642853767,34.35086064845024
4001933,-97.21549291483612,34.320832799991564
4001917,-97.1841637034765,34.21768231501363
4001926,-97.06638636908416,34.306501024680195
4001916,-97.08865862062997,34.18783174852654
4001932,-97.29771792823641,34.27454342307332
4001930,-97.46308143007424,34.11770346407994
400197,-97.11707543971104,34.17622382932774
4001961,-97.19055953352776,34.11056599389679
4002774,-97.53498926975611,35.25401134613865
4002760,-97.51703256822526,35.353833425691015
4002752,-97.45297718195404,35.222161974889836
4002780,-97.50340424708749,35.36695694744619
4002744,-97.48331763369072,35.32705922475506
4002757,-97.40791983151558,35.14445213969107
4002725,-97.27636772389852,35.252704283383224
4002767,-97.38312971995612,35.17519227495376
4002763,-97.41974505276616,35.291284129560765
4002711,-97.46362142515089,35.21131037246465
4002739,-97.50230825505594,35.20736927276539
4002720,-97.55646951091474,35.34140215031665
400276,-97.45487098837187,35.210824681656256
4002761,-97.53881305784577,35.35603644258406
4002751,-97.47242740600234,35.21098658883622
4002724,-97.4565657151368,35.305355508016966
4002722,-97.46804552855419,35.341464568550535
4002743,-97.52892559983846,35.30015132825866
4002748,-97.50685520514591,35.3252287739223
4002714,-97.43640001375132,35.20040967851954
4002753,-97.50314692348056,35.22561977291507
400272,-97.4317947360343,35.225970135198985
4002728,-97.41561052609678,35.195657432601024
4002718,-97.45008350296213,35.22924831670592
4002759,-97.48019412083033,35.21242567947808
4002733,-97.3696567884199,35.10072553035793
400274,-97.55651637195618,35.35594666505945
400275,-97.52102512771938,35.34155545232324
4002712,-97.36851304323015,35.25555315205695
4002750,-97.53889960694981,35.37021904420197
4002772,-97.4428657103361,35.33373263320888
4002749,-97.21290468331527,35.22269419308077
4002755,-97.44135025565151,35.26185271446267
4002783,-97.32669150789295,35.18200740270895
4002777,-97.45151558929089,35.24014025017465
4002775,-97.50481211823718,35.2430550522269
4002781,-97.41476150018885,35.22558200760584
4002764,-97.18743211462495,35.343565566549366
4002745,-97.29338848564494,35.167272042540255
4002731,-97.23725789804945,35.087513947533104
4002742,-97.45458882722991,35.19662217585947
4002787,-97.36869153443565,35.34876705597594
4002717,-97.44152239661769,35.36302777709878
4002789,-97.51652537025456,35.312520830369294
4002716,-97.46804294603425,35.35593334139272
4002710,-97.51036945185335,35.37200739459566
4002721,-97.4848423690354,35.34191940579173
4002782,-97.39268135591662,35.207771735515216
4002758,-97.48958047809053,35.35604821958683
4002770,-97.46928606432245,35.32663572782072
4002785,-97.20480003019021,35.37042653684035
4002740,-97.57346063596223,35.36101812713678
4002769,-97.55663895116946,35.37014964209459
4002762,-97.4999933347069,35.31048914212614
4002776,-97.48998542671266,35.240124531982815
4002747,-97.50082692615871,35.340424517770515
4002741,-97.52563062878455,35.37023359702335
4002736,-97.2747089196512,35.292300979137416
4002729,-97.35631425252777,35.13607124418227
4002723,-97.2784064912501,35.37012205842096
4002719,-97.47311325724232,35.226023663857795
400277,-97.62606436028668,35.36305142740178
4002754,-97.50190321655838,35.35729935877206
4002786,-97.53880044537154,35.341480676145494
4002768,-97.43124148869782,35.170251902325134
400278,-97.44350305005544,35.21577251947796
4002713,-97.43848556689599,35.18890681641982
4002788,-97.57136329994636,35.31931647974415
4002771,-97.4899783974669,35.22562712798154
400273,-97.43605015656246,35.24058550415078
4002732,-97.41483397750994,35.21109971195016
4002730,-97.32015157216712,35.212199401098346
4002779,-97.47143178185473,35.24684653244408
4002737,-97.47764634654868,35.367700553798734
4002726,-97.40590980848062,35.24001505111947
4002765,-97.19052915962351,35.30445256923194
4002756,-97.46916389632617,35.200447908727895
400279,-97.53256689288864,35.32201450601797
4002778,-97.2758253754632,35.33987345400997
400271,-97.18244509213503,35.19173506397305
4002735,-97.46806234005862,35.183474504274955
4002734,-97.24843165050505,35.00730599337634
4002715,-97.42953021908117,35.21159065635411
4002738,-97.1961436880216,35.14355019644692
4002784,-97.15904164506874,35.23732499549905
4002766,-97.62305019861935,35.331746927775185
4002773,-97.49885916539883,35.26902391564727
4002727,-97.50139088183509,35.2371605081185
4002746,-97.45983159624154,35.190854629148596
40017302,-97.70872103506946,35.355900135324895
40017301,-97.73347333179309,35.3989881779945
40017306,-97.79442863122634,35.366787733901425
40017305,-97.75250349820628,35.38386445542079
40017304,-97.73727274216958,35.3673790913275
40017300,-97.69283111573243,35.4009969298533
4003143,-98.34499952478674,34.547702720922615
4003133,-98.3575926917647,34.60189629050767
4003121,-98.39578304617275,34.608508907090076
4003146,-98.5862488682585,34.461318329234054
4003111,-98.45840400667443,34.58396332200174
4003142,-98.62520438206667,34.58296935778801
4003122,-98.43098359247134,34.601653350737315
4003140,-98.15256164785254,34.7605840389001
4003134,-98.31835588446108,34.59433995343653
4003151,-98.43801858279795,34.75515412025188
4003150,-98.50214372257223,34.614622742273006
4003153,-98.39672756116296,34.73039242642253
4003120,-98.41346405672327,34.60855344667817
4003129,-98.40493821728985,34.544554116560725
4003114,-98.48304743258448,34.68483036471089
4003138,-98.29674730966781,34.745314975970146
4003154,-98.64613819031511,34.66342703054854
4003117,-98.4310013752343,34.616177573436794
400317,-98.46643918793369,34.6160880350202
4003132,-98.38291953851406,34.60646058044851
4003139,-98.25257490484597,34.82949841156971
4003131,-98.2809130987951,34.6185677053648
400318,-98.4489573328196,34.616241149485056
400312,-98.46593385623619,34.63070653706338
4003130,-98.32871693165899,34.69711186067633
4003125,-98.41191595705315,34.58826839011799
400319,-98.48996780516666,34.600895238700865
4003152,-98.40354296073207,34.7143140517465
4003115,-98.43092940663284,34.630809492893285
4003145,-98.5178270922529,34.546214349217266
4003135,-98.69139264717508,34.776346651731934
4003148,-98.40052024177389,34.47814650691002
400313,-98.44843553572504,34.630729086129996
4003127,-98.4094624867231,34.59767423574751
400311,-98.5010730436808,34.63071871824559
4003136,-98.5286520654397,34.74600389281222
4003126,-98.39317692399418,34.58937558996852
4003149,-98.21452863022073,34.56299072738225
4003113,-98.40479169859158,34.630690003123156
4003137,-98.4579918791513,34.82002035462735
4003141,-98.7608302780444,34.585244579325106
4003119,-98.40602498444443,34.61974213749899
400674,-97.90960254921933,34.258522068144075
400678,-97.83967575910293,34.10952781908591
400672,-97.94425686793605,34.18342262743587
400673,-98.09559477154542,34.21210465292371
4006710,-97.64924888207496,34.01270376091804
400671,-97.99396240260948,34.15977280409434
400675,-97.98387554837238,34.11418826237171
400677,-97.87007527119356,33.90478456443941
400676,-97.92010165232394,34.019725605126574
400679,-97.6755573864002,34.18507982703021
4008722,-97.36696480454205,34.980724155305865
4008719,-97.59603312269284,35.092910968353884
400879,-97.51682522577056,35.16767348606936
400876,-97.42708517446846,35.01501940870252
400872,-97.182152428249,34.89590200189532
400873,-97.2951184904321,34.92328697356761
4008717,-97.57841251952466,35.24115084086152
400878,-97.50817763863252,35.05860808940977
4008721,-97.36205855828477,35.05041561382121
4008720,-97.47057100475999,35.11393105290059
4008715,-97.6558707791192,35.202874323970356
4008712,-97.63906406581016,35.121350425927695
4008716,-97.66184150849503,35.153119143327444
400877,-97.43411145951431,34.90776444093214
400874,-97.33020995543427,34.90370798884837
400871,-97.01462956005817,34.893072822703274
4008711,-97.61897544774266,35.022778629519344
4008724,-97.3693315310521,35.017628660116124
4008725,-97.37799145913698,35.05972500195268
4008713,-97.62293725607644,35.22691811536153
400333,-98.37387052696482,34.406290942111745
4003311,-98.45403542879825,34.15924815852423
400332,-98.55342401206097,34.37688971849945
400331,-98.20697273284516,34.4310032272188
400339,-98.3794965339607,34.346914731002116
400337,-98.33643684165887,34.30867080287957
4003310,-98.55615445242117,34.206828329735416
400338,-98.48881526215844,34.29561754565344
400334,-98.30621689905058,34.35276429399079
400335,-98.20841059555487,34.297768056978725
400336,-98.27207956955814,34.19526453690156
4008710,-97.56955602688252,34.962521700099096
400875,-97.6001576193624,34.891563143560404
4008714,-97.6421695417433,35.294622470844345
4008718,-97.59535304549927,35.15848140532443
4004915,-97.21259606905498,34.708830039095524
400491,-97.56808557870646,34.83754490932119
4004918,-97.21398404436796,34.75241135408205
4004916,-97.24764309046303,34.622626074912944
4004911,-97.5137249606395,34.611439171559475
400492,-97.2596421604129,34.838764011717004
4004914,-97.39788234591536,34.60787427350623
4004920,-97.14263424200303,34.65976294994402
400495,-97.40715183274784,34.79108092270805
400499,-97.44318297137255,34.663197370092846
400498,-97.28688903505864,34.70436072662903
4004912,-97.48363215909336,34.55483733597188
4004919,-97.1456222623503,34.782220583090236
400494,-97.50834410428568,34.74910745013329
4004925,-97.00622643163543,34.6762409515433
4004913,-97.27642932925892,34.521657367111025
400496,-97.3032391302907,34.81936827837106
4004917,-97.23469722516614,34.734516455790036
400497,-97.30402192423249,34.76428197356693
400493,-97.61488037017946,34.75198031404912
4004910,-97.32213199354211,34.57621394902749
4004924,-96.99868863316027,34.78366589547593
401413,-99.11439676533546,34.37923392066297
401414,-99.01945270533513,34.414476588273686
401419,-99.03962195929957,34.26527824494414
4014110,-99.11325070927442,34.50971447003185
401416,-98.76372280653793,34.38816464017663
4014112,-98.91249257522242,34.49980447123305
401417,-98.72887195804064,34.23477493060866
401412,-98.93719877984385,34.34721775943868
401411,-98.94181244890444,34.402051411182356
4012356,-96.58172872308258,34.874112727210914
4012345,-96.68594423566252,34.761384230542305
4012313,-96.66340206977738,34.76127947801776
4012365,-96.55890561281157,34.6310822337663
4012331,-96.69147267912115,34.79154926603144
4012358,-96.76471535199968,34.72450305372726
4012316,-96.67018288843771,34.71464589474927
4012311,-96.68234137438473,34.77304165380989
4012398,-96.8847678840134,34.70367393414213
4012325,-96.58990534234182,34.80644521136988
4012362,-96.80162598101748,34.79815006989939
4012351,-96.45178304804375,34.87409192266575
4012354,-96.59160580892089,34.560231707033
4012361,-96.51767912323349,34.704630383657154
4012359,-96.86079276950255,34.88235579158077
4012366,-96.7437446514464,34.82728963550146
4012352,-96.66138026153945,34.809967253696996
4012322,-96.65994419949834,34.77685522415729
4012360,-96.66469799856168,34.873022493427754
4012367,-96.87160220936109,34.764741781903645
4012363,-96.82263793737137,34.596491350171185
4012368,-96.6752795847769,34.55455315087424
4012355,-96.72057164742405,34.64534405939721
4012364,-96.49066205960585,34.77498747584253
4012353,-96.62485194507721,34.751250607641566
4005125,-97.84237405526352,35.08268586379044
4005128,-97.7301906527428,35.08532039301533
4005113,-97.8302939390093,34.99314043669575
4005111,-97.87144283792748,35.019730930004734
4005132,-97.95136608248431,34.96301092394195
4005123,-97.86999344387868,34.878831908633714
4005119,-97.99399917220072,34.983155392360835
4005134,-98.01519421782079,34.90963438579067
4005136,-98.01077811956496,34.76924340001923
4005115,-97.93611748119223,34.710760444425375
4005122,-97.84658297036142,34.73719563155321
4005126,-97.72502768893492,34.75159787372702
4005120,-97.78465105781319,34.87068863275854
4005131,-97.74020999230332,34.98852089138782
4005116,-97.71473944984317,34.870680982662094
4005124,-97.6860715411463,34.872283546795515
4005129,-98.02324012531751,35.31061755960446
4005130,-97.89923002107798,35.30537525647308
4005118,-97.7849637264479,35.33553398142022
4005140,-97.82952848053694,35.266050159441306
4005141,-97.73479699089015,35.31184176041627
4005137,-97.73233915035267,35.26899806630118
4005138,-97.72309643031684,35.227883893623954
4005139,-97.7308781078331,35.16323688431818
4005114,-97.80923188534446,35.16918796489681
4005121,-97.87764824583134,35.179533151225
4005112,-97.93785110605283,35.14411256369875
4005135,-98.00753374585872,35.22004532046756
4005117,-98.05704421747753,35.12365960522684
4005127,-97.9913106499927,35.12705766818764
4005133,-98.03866637071758,35.02244612656303
400516,-97.93132523750299,35.08011829237806
400517,-97.96503250745893,35.05322153493997
400515,-97.92758632318467,35.04413510551334
400519,-97.93763569971071,35.034635492574715
400518,-97.95511329218071,35.034682637833114
400511,-97.97516650267461,35.02715143521264
400512,-97.96619173645948,35.00446369892448
400513,-97.94339829831301,35.009980381750054
400514,-97.93153525478013,35.005662022717836
4005110,-97.87563668399056,35.10978768484544