42017120,-74.94236507089171,40.08748359865331
42017130,-74.95246091434892,40.08701183284482
42017140,-74.95276796239276,40.10281538034181
42017720,-74.85103579919785,40.100091753509176
42017730,-74.84703729211707,40.10144086637096
42017740,-74.85905078675414,40.09485095409555
42017750,-74.85426069127487,40.09800994824948
42017760,-74.86730882123655,40.10060288807641
42017765,-75.0515306874995,40.284021594556535
42017775,-75.01471310393434,40.312695049385624
420171310,-74.82166258195373,40.22400647042285
420171320,-74.79789343915901,40.216671133266665
420171330,-74.80693467244899,40.22950102923592
420171820,-75.22864585631726,40.27726814467949
420171825,-75.2387987817538,40.29505963247424
420172320,-74.98444982766935,40.355332942475954
420172325,-74.98156130365491,40.33819806854714
420172330,-74.99593482240934,40.38412391743036
420172340,-75.0460777873819,40.380897588168764
420172350,-75.25893304699076,40.54786704518738
420172360,-75.296567192117,40.519405506530916
420172800,-75.07772132265933,40.23420863493239
420172815,-75.09358334904846,40.26883711594991
42017150,-74.95980080120731,40.108837579159285
42017160,-74.97592078497792,40.05865563267296
42017780,-75.05491317306071,40.319911427017765
42017790,-75.06180856130712,40.331896600172485
42017805,-75.1059232539582,40.330873743391706
42017810,-75.07274231976088,40.354267764024335
42017815,-75.10082287557366,40.35486497414333
42017818,-75.0926532986835,40.34894573018408
420171340,-74.84658921340545,40.20668926501951
420171350,-74.83210394244703,40.21649197439216
420171360,-74.81505483218609,40.22600771512599
420171830,-75.1806293485615,40.298107017425714
420171840,-74.95738222662538,40.36150855050221
420171910,-74.9320687487774,40.23220599105569
420172370,-75.3601136767233,40.5032500319159
420172380,-75.3244410690344,40.32867328292462
420172390,-75.09211319384458,40.512266941348365
420172400,-75.13922264684219,40.47547168271423
420172410,-75.09799778846768,40.45479062501329
420172420,-75.38012824410582,40.41316262834752
42017180,-74.97726163977879,40.14183384839399
42017190,-74.97171025475009,40.12181065324655
42017200,-74.97261739695129,40.13348205758734
42017820,-75.20953442285142,40.28933989654671
42017830,-75.13701130355949,40.29296524899788
42017840,-75.17277142577328,40.31306128018328
420171370,-74.81321655231547,40.21179084573577
420171380,-74.83850809160452,40.22621936256478
420171390,-74.86399241447617,40.205229688760866
420171400,-74.96722111596105,40.16878007666268
420171920,-74.93263817042319,40.22553553169206
420171850,-74.9606493700743,40.232432086445
420171860,-74.95685792791524,40.245070269476265
420171870,-74.92028312409143,40.249478661234406
420172430,-74.81071947054605,40.140210037650455
420172440,-74.88767764818988,40.30311370068622
420172450,-74.89734847783468,40.2750729579712
420172460,-74.94500089996959,40.30795344943283
420172465,-74.93068605389054,40.286921736473026
42017210,-74.93477852847258,40.14050914521147
42017220,-74.95757103008985,40.131400268978986
42017230,-74.92981655521787,40.14839025989119
42017850,-75.1028096235518,40.30217007601188
42017860,-75.11763357720766,40.29175624545597
42017870,-75.1622925662657,40.294441293254486
420171410,-74.989190343095,40.15943115224524
420171420,-74.95963115748161,40.158133127085726
420171430,-74.97962868272256,40.15363532773836
420171440,-74.96564693534496,40.16288432818163
420171880,-74.95517932582979,40.21837330351195
420171890,-74.91600496957749,40.22419146826581
420172470,-75.03068957842015,40.17853423004934
420172480,-75.01606449694017,40.170861228499824
420172490,-75.04336976043083,40.18071812191065
42017240,-74.94493663984366,40.14108980443131
42017250,-74.93678987723744,40.148006431948424
42017260,-74.92175588029266,40.144674469348885
42017270,-74.92321385811537,40.13788588956901
42017880,-75.14622422417376,40.326298531258715
42017885,-75.11757272353825,40.27662117677725
420171450,-75.0161885836401,40.14354792277435
420171460,-75.01273012612081,40.15141059085391
420171470,-74.99491091796814,40.14289798447219
420171480,-74.99503928903017,40.151473831921415
420171900,-74.91019267094377,40.23623579969421
420171905,-74.93876352059377,40.254199203434624
420171915,-74.95774936605844,40.26374014970721
420171930,-75.18510430316297,40.53714290477667
420171940,-75.1606763498237,40.50823035647862
420171950,-74.9908826090926,40.23152312922449
420172500,-75.03856181330698,40.188264207234134
420172510,-75.04410679897231,40.19265340691863
420172520,-75.05163328726123,40.184574380911044
420172530,-75.03458016953046,40.164894390130335
42017280,-74.94341294748276,40.12054787576146
42017285,-74.93256503244208,40.13235860969542
42017290,-74.96237870589955,40.06548962070997
42017300,-75.11879085432021,40.55498413973128
420172202,-75.1503352888677,40.277793388254885
42017890,-75.11496316389999,40.31916936550314
42017900,-75.1235359213567,40.31128553832458
42017910,-75.12892312715708,40.31813456564297
420171490,-74.98710123236717,40.146630732072076
420171500,-75.0032447325599,40.161892649803605
420171510,-75.00033900269109,40.135638068140096
420171960,-75.02109763736931,40.19012117276963
420171970,-74.98038515015719,40.1736308411026
420171980,-75.04516064105941,40.2114571664198
420172540,-75.03393415969401,40.15585088218501
420172550,-75.06113611996372,40.17550720430648
420172560,-75.05288532254659,40.16871667627806
420172570,-75.09487317841702,40.21591217221276
420172580,-75.08744266827492,40.18726035433882
42017310,-74.88473829545416,40.085033443465385
42017320,-74.88996351543415,40.0933378906814
42017330,-74.90706995075666,40.0918122388614
42017920,-75.1362705811879,40.3190898989614
42017930,-75.13950242758077,40.30797702257562
42017940,-75.1283705992196,40.30346614728982
42017950,-75.20408011087605,40.37299908484369
42017960,-75.21751910760374,40.57129919289329
42017980,-75.2726490819639,40.39078054836086
42017985,-75.28780753328317,40.415993209697056
42017990,-74.79220724781894,40.187312586081596
420171520,-74.93243016842729,40.15537509527691
420171530,-74.90489889552101,40.1622524773408
420171540,-74.8817576734735,40.14244097758074
420171990,-74.98300723403571,40.18716273067105
420172000,-75.00164701990661,40.18794928771665
420172010,-74.99699674119319,40.204227414284134
420172590,-75.09463687490053,40.19549299816985
420172600,-75.11052428459816,40.20612201147583
420172610,-75.07013022452523,40.17988936623209
42017340,-74.89321332250194,40.124675695168804
42017350,-74.8800626201049,40.13424328943756
42017360,-74.87267564507154,40.13289068566935
42017370,-74.8682362834007,40.10900506573196
420171000,-74.83082268114697,40.18446280502877
420171010,-74.81389261017264,40.20505401526291
420171020,-74.83539511033793,40.17631189042089
420171550,-74.87158876387547,40.14939781003485
420171560,-74.88740988392601,40.15133815119657
420171570,-74.86415366779867,40.15096632653375
420172020,-75.04070093044622,40.23443242239417
420172030,-74.95941488408273,40.18450274608027
420172040,-74.96307849658356,40.20458571620877
420172050,-74.97162051427412,40.21332285268782
420172620,-75.11284438168431,40.22982737384357
420172630,-75.10861361758008,40.198711781864404
420172640,-75.12805093787314,40.214040757398905
42017380,-74.87290675530288,40.11901358661419
42017390,-74.88948814606073,40.11141998172635
42017400,-74.89738864514509,40.10162338128143
420171030,-74.80448364817231,40.20227608618695
420171040,-74.82542217692823,40.1982916015613
420171050,-74.76850692199704,40.15508785172075
420171580,-74.87669556442005,40.17481677544709
420171590,-74.89324388004846,40.162791834579345
420171600,-74.87029847913915,40.15996911449484
420172060,-75.01824314812251,40.2071682714742
420172070,-75.02935335977115,40.2077541653027
420172080,-74.94536528404524,40.19493152912794
420172650,-75.10449901002796,40.22000541077127
420172660,-75.07769170390729,40.184429034939804
42017410,-74.88646687526477,40.10761375881272
42017420,-74.89184313963766,40.09786966823788
42017430,-74.83567669988508,40.121073387331045
420171060,-74.84998153034,40.1883362151796
420171070,-74.84071859547083,40.18338885637893
420171080,-74.86130166318313,40.17954257243835
420171090,-74.86317964400378,40.17180953818155
420171610,-74.88106549251152,40.16100743205961
420171620,-74.88605623151555,40.16829650137705
420171630,-74.87905632718291,40.152827785497834
420172090,-74.99468979510318,40.21378630352751
420172100,-74.95875000303525,40.214168083753485
420172110,-74.97723659973222,40.20093995935539
420172112,-75.01858657197275,40.23107715632843
420172670,-75.05961600450213,40.191268825424835
420172680,-75.12039271505824,40.20957184864322
420172690,-75.086165362572,40.218965383405155
42017440,-74.85038223212449,40.126271244277454
42017470,-74.86050346817123,40.14748960249405
42017480,-74.85422367000177,40.14356820032493
420171100,-74.82123458070853,40.15400725836198
420171110,-74.81579686394929,40.162280544000275
420171120,-74.81992862705295,40.175663151344054
420171130,-74.82614681885039,40.16047402031748
420171640,-74.89522605350153,40.1425726737732
420171650,-74.893350565655,40.18134719551348
420171660,-74.94139540405615,40.17546286380568
420172120,-74.91465461695985,40.15516575359349
420172130,-75.28856007530817,40.380547464798
420172140,-75.30185145461243,40.371975921797564
420172150,-75.28890834142979,40.36508118242169
420172165,-75.09530165398587,40.41210768575052
420172700,-75.06407931603316,40.20025614720144
420172710,-75.1160489755541,40.22255030055343
420172720,-75.08021007110636,40.190705721511584
420172825,-75.10246648761915,40.25537291539239
420172820,-75.36425149896449,40.37805757555575
420172830,-75.33039349752431,40.35711316933814
420172840,-74.99756443748558,40.27042847761457
42017490,-74.86592329787501,40.14234806611856
42017500,-74.82988983666375,40.13690986122478
42017510,-74.84331692555004,40.137777243689236
420171140,-74.82564958801048,40.16804779337265
420171150,-74.8275350638774,40.17395034186085
420171160,-74.8161106532975,40.16850314034425
420171170,-75.25027489978508,40.47749883403675
420171180,-75.2428605696866,40.37235898465004
420171670,-74.91613325348175,40.20334649924033
420171680,-74.94336119575725,40.16158793490422
420172175,-75.16185860966783,40.37104000951173
420172185,-75.12651080238993,40.37937362306936
420172730,-75.0872958972844,40.20664406985851
420172740,-75.14038029699246,40.25476661900323
420172850,-74.83851915824586,40.240812072979146
4201710,-75.17946933368407,40.43655159661292
4201720,-75.21122329090578,40.40468126314013
4201730,-74.90985589581985,40.10554821704103
42017530,-74.84628446951959,40.1491366649773
42017540,-74.85531620811865,40.15862781110547
420171185,-75.27287707763442,40.34200891099087
420172203,-75.26182553060745,40.35262347835362
420171190,-75.30129697027189,40.333005909335164
420171690,-74.93518942854047,40.202344664279174
420171700,-74.89737312591106,40.2148129316402
420171703,-74.8849277689795,40.20576165129622
420172195,-75.13945981762922,40.346259532939214
420172196,-75.09923363676089,40.37517571334307
420172750,-75.16314689039689,40.259905084016474
420172760,-75.12259723166889,40.23846338781698
4201740,-74.92127303239789,40.084696146341884
4201750,-74.93485847539438,40.09347867444581
42017570,-74.84108666586036,40.15915198877725
42017580,-74.83703608804132,40.16725125097153
42017590,-74.85052916500523,40.16678735625075
42017610,-74.86595454031038,40.13408794175494
420171200,-75.27667138721802,40.3120204806367
420171210,-75.22500398282575,40.34008750370596
420171220,-74.90753835989753,40.14211183398037
420171230,-75.07327305965316,40.208303337356845
420171706,-74.88472002904516,40.19691640155439
420171707,-74.89826191253566,40.185808542882
420171710,-75.4446077288731,40.41226262060657
420171720,-75.40303805631383,40.460756786377466
420171730,-75.42707208137095,40.43498983943896
420171740,-75.39365907537515,40.40637164298043
420172190,-75.35186609510018,40.44047065038631
420172200,-75.36077938479075,40.43869308387993
420172210,-75.33735529575704,40.438854197609345
420172220,-75.33053561908909,40.442867199242855
420172770,-75.13184038679319,40.226258496363094
420172780,-75.12489976352961,40.25369681326549
4201760,-74.94520489788655,40.1045932543786
4201770,-74.90956850281427,40.13080918209468
4201780,-74.92229801388777,40.11841653696802
42017620,-74.85562941954534,40.13887155006154
42017630,-74.8751332779697,40.13156826847903
42017640,-74.83172767021571,40.15407711042947
42017650,-74.832585338031,40.14476120741924
420171250,-74.91727262472166,40.1657681650463
420171240,-74.92120104803091,40.17769084415232
420171260,-74.85798331978961,40.25327575521867
420171270,-74.87679351578399,40.23517749760674
420171280,-74.88641071964209,40.2565214975615
420171755,-74.77210338495576,40.20228197335429
420171765,-74.77940574745108,40.20853444361369
420171775,-74.78303617277822,40.21438225676607
420171785,-74.79458843373652,40.205884023171976
420171790,-75.19062379349567,40.327022104488506
420172230,-75.3440872095633,40.437728797141794
420172240,-75.33016049910141,40.42472299905498
420172250,-75.34127064347328,40.46980548444358
420172260,-75.32115760434361,40.47253034703208
420172270,-75.19872331375682,40.59631425882748
420172280,-75.31525592369533,40.36214369561195
420172782,-75.18892973431151,40.26011186448736
420172784,-75.16880827394554,40.23787862518984
4201790,-74.92414013965934,40.10624211194139
42017100,-74.91566212047523,40.115911999116285
42017110,-74.94213632262502,40.07345037165088
42017670,-74.84372149042764,40.10462185203609
42017680,-74.8416652931007,40.11100672265831
42017690,-74.85858931898612,40.10217856876494
42017700,-74.85521382112282,40.10759438002631
42017710,-74.84851284056157,40.10047631249588
420171290,-74.85544436395902,40.22990324365897
420171300,-74.86422212520993,40.21748481274337
420171305,-74.87667215506282,40.21450971952114
420171800,-75.21741930643672,40.26690305324061
420171810,-75.19803209712458,40.27926356314096
420172290,-75.30833226513842,40.36397693490976
420172300,-75.30280046378624,40.355778715897735
420172310,-75.27184168754297,40.347142757598526
420172786,-75.14727118918778,40.22971510806399
420172801,-75.06285980328865,40.25495074225796
420172805,-75.10468688905732,40.241426346980084
420912950,-75.33094394811886,40.32269178501646
42091913,-75.35060221842146,40.31638967066354
42091916,-75.37540083194226,40.30636354268305
420911905,-75.40304526479783,40.28609957557189
42091923,-75.35543245985968,40.291113035775936
42091926,-75.33167009701297,40.28896944412714
42091940,-75.47096226291345,40.33625388404569
420911911,-75.37920676194915,40.281151089855825
420911917,-75.35863816418336,40.26902394227878
420911923,-75.3897865349959,40.27218373172585
420911929,-75.41315015114742,40.258240303790956
420913600,-75.44045987616765,40.29529507173448
42091991,-75.25612411648078,40.26945674463392
420911000,-75.26693509954534,40.27519994080362
420911303,-75.4656363089841,40.27418092115102
420911307,-75.48272740536464,40.28083813867124
420911935,-75.38028420542724,40.24780895300807
420911990,-75.44992192918217,40.35724139767067
420911010,-75.28116138935752,40.28681726431165
42091990,-75.27718873989008,40.27317923279816
420911011,-75.29881665210532,40.29228226189213
420911020,-75.32073882682164,40.27855682169994
420911021,-75.31285892830135,40.27217870931648
420911022,-75.3041162750727,40.264739292352424
420911023,-75.29263415700267,40.26116492224259
420912730,-75.40285763910842,40.33891410220566
420911030,-75.27423872544024,40.2575636790694
420911040,-75.29887609709732,40.277102355719414
420912770,-75.32390778553838,40.30628175899688
420912780,-75.31616054632282,40.312226336857414
420912790,-75.32761225770864,40.314606030252776
420913180,-75.50799488707695,40.307980469853455
42091905,-75.38718411465995,40.3169065985502
42091911,-75.34657686429875,40.3282583116954
42091918,-75.33101454171086,40.30193113159796
42091928,-75.3119474754083,40.301857498195766
420913240,-75.47862769135901,40.39151507879717
420913250,-75.52004030994347,40.37646151653452