420911530,-75.32887551412063,40.03511025923708
420911540,-75.33543466881181,40.04849971055362
420911550,-75.31923968214328,40.05505216464238
420911560,-75.26115818082319,39.990322874538315
420911570,-75.26553884313859,39.99937276181136
420911580,-75.27139633456618,39.998482851239764
420911590,-75.28639985584458,39.993012849840824
420911600,-75.28967927609393,39.998299850672495
420911610,-75.28074395284065,39.996077476013056
420911620,-75.28974122010763,40.003293587857065
420911630,-75.23479016696913,40.00107392161511
420911640,-75.22533054688596,40.0133888201986
420911650,-75.21867522724408,40.008255102080184
420911660,-75.29359448747651,40.021441935843555
420911670,-75.30050615977179,40.02789134321868
420911680,-75.32091399417813,40.02144602251965
420911690,-75.31019995652345,40.03296035528685
420911700,-75.31723650222713,40.02845193062198
420911710,-75.30296750756827,40.04560716577248
420911720,-75.25391771575963,39.99728920279426
420911730,-75.25522110756809,40.00423234485675
420911740,-75.24545335396134,39.99893338169873
420911750,-75.24422557288432,40.008636894018636
420911380,-75.25512662481893,40.01552921105726
420911760,-75.24454558613938,40.01448672609314
420911725,-75.23688000217304,40.00757665713462
420911770,-75.28045394848753,39.98686139794337
420912040,-75.2591304756017,40.00832395696216
420912050,-75.26662661658405,40.00926015612764
420912060,-75.26138382924307,40.00314799818613
420911390,-75.26589206340704,40.02239448716259
420911780,-75.27146499489382,39.98672408417973
420911790,-75.27489518865293,39.98104304442766
420911400,-75.28436651928196,40.03366971406036
420911420,-75.27132262002837,40.045779927889335
420911430,-75.28865139667192,40.060567140326036
420911440,-75.25308942453242,40.037437457658704
420911470,-75.23534522559586,40.02575379030233
420911450,-75.23079682866202,40.01975268242764
420911460,-75.2501897709944,40.028155950924024
420911480,-75.29472737711157,40.003904271796735
420911490,-75.2972391290349,40.00813930848292
420911500,-75.30469407033775,40.01546967156827
420911510,-75.27693330089782,40.006986387916584
420911520,-75.2810429814897,40.01539983879974
420911485,-75.28818719998617,40.01060884528329
421012713,-75.20960191223047,39.95628348372081
421012714,-75.21046718458894,39.95387696351925
421012715,-75.21156387192174,39.943818713922155
421012716,-75.20780226981782,39.94179355047522
421012717,-75.21289851078429,39.940358061524506
421012718,-75.1979647296809,39.952673376146215
421012719,-75.1911619439375,39.948923027453
421012720,-75.2018082752599,39.95221744328715
421012721,-75.19983268141155,39.9519717675447
421012722,-75.19739508874017,39.95049532191199
421011103,-75.15582653059681,39.998612216275475
421011104,-75.15307187620944,40.00472482476453
421011105,-75.15625523330323,40.00514577256517
421011106,-75.15825264038656,40.004931090032514
421011107,-75.16752472850202,39.9995520143376
421011108,-75.16720152457816,40.001048860667815
421011109,-75.15467720270388,40.004942005574236
421011110,-75.15930553296216,40.00597649492707
421011111,-75.16290853458015,39.99808329541534
421011112,-75.16220056683,40.00636930711101
421011113,-75.15822021477727,40.00102546969339
421012401,-75.18694607901256,39.96190995315023
421012402,-75.18944275715705,39.963328832659855
421012403,-75.18971539127672,39.96730939396811
421012404,-75.1932638907477,39.96423270262469
421012405,-75.19477123037488,39.96120965258944
421012406,-75.1958210141072,39.95781760715923
421012407,-75.20016063662682,39.96350835241403
421012408,-75.19964104176188,39.96081336364453
421012723,-75.20975333959748,39.95130644361175
421012801,-75.17257572640371,39.995271801126165
421012802,-75.18010207077901,39.991190093535295
421012803,-75.17524629333568,39.99031306775702
421012804,-75.18548634825198,39.992203465222126
421012805,-75.18342886452909,39.9917507979941
421012806,-75.18101528415644,39.993421872671384
421012807,-75.17709870723178,39.99291436835125
421012808,-75.17305593864631,39.99298064498919
421012809,-75.18643463301892,39.99609217405894
421012810,-75.18451824121864,39.99590560762118
421012811,-75.18291294663365,39.995995867561376
421011114,-75.16779096500301,40.0061432556198
421011115,-75.16626106494486,40.008593992181005
421011116,-75.16193887517395,40.008387886614585
421011117,-75.16310764581529,40.004142298783286
421011118,-75.16419939190456,40.001538234496586
421011119,-75.16138747586922,39.99639961818079
421011120,-75.16723199511985,39.99715704927891
421011201,-75.15903365298128,40.049480075476076
421011202,-75.16030384978973,40.04681599870859
421011203,-75.16106574704219,40.0444865890047
421011204,-75.16338066195891,40.04294914047437
421012007,-75.15392444134528,39.98440349201842
421012009,-75.15275177016754,39.98158528909589
421012409,-75.19876999831718,39.973992604304634
421012410,-75.18518373635136,39.95801439222053
421012411,-75.19663669865999,39.963356649612706
421012812,-75.18133480692016,39.99581198415607
421012813,-75.17972945916799,39.99560167042547
421012814,-75.17810247633824,39.9953920689959
421012815,-75.17578817252986,39.995093792376764
421012816,-75.17808252318859,39.997695475999734
421012817,-75.17527163743874,39.99742889000517
421012818,-75.17218677433951,39.9970327397934
421012901,-75.17204326376851,39.97328130931445
421012902,-75.17065890649566,39.975866193912125
421012903,-75.18381008573705,39.97453887793642
421012904,-75.17137927042111,39.978150700633876
421012905,-75.1743408043639,39.98107970714588
42101601,-75.20564689433716,39.95937690956308
42101602,-75.21238082410004,39.964181064739094
42101603,-75.20446296269341,39.961446256357405
42101604,-75.21111192758475,39.96032361214255
42101605,-75.20873935108037,39.963909957229
42101606,-75.21502417488571,39.96232503993801
42101607,-75.20457764708569,39.964477708047305
421011205,-75.16133450131021,40.03921734729265
421011206,-75.16584580878929,40.04225876779159
421011207,-75.16881673443798,40.03847568937773
421011208,-75.17334987069313,40.02398480904395
421011209,-75.16933603234584,40.035421757722226
421011210,-75.16388408259382,40.03480141685679
421011211,-75.17639289733519,40.02413417436354
421011212,-75.1594664901808,40.03297842866527
421011213,-75.16517960138114,40.032440906046396
421012101,-75.21131680714495,40.017341014450935
421012102,-75.2148182754281,40.02159811665518
421012103,-75.23025638135437,40.0564855954705
421012104,-75.21969799274444,40.02407097831906
421012105,-75.24205263470427,40.04335907144558
421012106,-75.22437813572435,40.02648243616217
421012107,-75.2275364803464,40.02877002420335
421013601,-75.1743561656828,39.936903417717126
421013602,-75.17593130747132,39.937096455977574
421013603,-75.17767953131366,39.93732080503502
421012906,-75.1744745875223,39.97972705238289
421012907,-75.17421702125945,39.97847905729545
421012908,-75.1736075231348,39.976161239106204
421012909,-75.17572470839364,39.977027173129756
421012910,-75.18587149392529,39.971146999419204
421012911,-75.17869826750267,39.9740817389718
421012912,-75.18096955825621,39.97513701485279
421012913,-75.1790349473022,39.976435844324506
421012914,-75.17827118835581,39.97841694471196
421012915,-75.18114622354089,39.97904387699935
42101608,-75.20917429100155,39.96613126318814
42101609,-75.20556066327892,39.96720886320951
42101610,-75.20940119593682,39.96857292042783
42101611,-75.20607134064578,39.96986720168952
42101612,-75.21350082670638,39.96671272357146
42101613,-75.2100250285118,39.97063431555796
42101614,-75.20909803227973,39.97257151157082
42101615,-75.20669324723755,39.97381748276505
42101616,-75.21403697152064,39.9686867232803
42101617,-75.21144486907329,39.97540133652426
42101618,-75.21460765605573,39.971232273007864
421011214,-75.16036443685671,40.028642509171945
421011215,-75.17532377995205,40.032157853399646
421011216,-75.1700968956897,40.030405637023804
421011217,-75.16977176729745,40.02807779806084
421011218,-75.16647155236505,40.0278167454077
421011219,-75.16492313542777,40.02659351659599
421011220,-75.16291576783148,40.026168969806896
421011221,-75.16144711467265,40.023954246160464
421011222,-75.18088535547938,40.028089545740144
421011223,-75.17825420588463,40.02682330757775
421011224,-75.1739917090649,40.02734113575679
421012108,-75.23045326910818,40.03032844668839
421012109,-75.23262005084916,40.034014636873636
421012110,-75.2155987720097,40.024925263553946
421012111,-75.21941059975146,40.027693768659745
421012112,-75.22245194167547,40.030497933009975
421012113,-75.2264628448079,40.03307185582041
421012114,-75.20326727232565,40.016360622559525
421012115,-75.20838645336198,40.01885295216328
421013604,-75.18238164113448,39.935347276502526
421013605,-75.17947963175122,39.93733546356265
421013606,-75.18110089309481,39.93754497191465
421013607,-75.18270355407319,39.937965079647995
421012916,-75.18559253075873,39.98008260392815
421012917,-75.18309761145252,39.978319444881166
421012918,-75.18295659587594,39.97694262354116
421013001,-75.169748737418,39.94323153190896
421013002,-75.16770200844843,39.942083488518485
421013003,-75.16858906380511,39.94455111784391
421013004,-75.16809349536462,39.939546346409465
421013005,-75.17119160147936,39.939749654217955
421013006,-75.17260826713952,39.94203110960718
421013007,-75.17456420375125,39.944882854490515
421013008,-75.18227533365008,39.946314657740665
421013608,-75.1783968076322,39.93396914315798
421013609,-75.17550015313742,39.93411603444446
421013610,-75.17592740160309,39.932082480737435
421011301,-75.16773602182785,40.01905026295685
421011302,-75.16402824724183,40.02212087958522
421011303,-75.16822371541642,40.023922237664024
421011304,-75.17212968102874,40.02005559345942
421011305,-75.1701957474637,40.02300625208044
421011306,-75.15859058442118,40.02009719902373
421011307,-75.15668423201608,40.02168232110943
421011308,-75.15626504980622,40.0238376498607
421011309,-75.15297097666696,40.02389673501684
421011310,-75.1508340263091,40.026758499592184
421011311,-75.1488217737925,40.02589059636065
421012116,-75.20962196950914,40.02423025791972
421012117,-75.2129266703314,40.027296464505866
421012118,-75.21463440275464,40.02951566914969
421012119,-75.21640091095179,40.03112416344692
421012120,-75.21904681231892,40.032328737965884
421012121,-75.22017408101686,40.03462458582577
421012122,-75.22531166717309,40.03766026305759
421012123,-75.1926814906882,40.02327048229542
421013009,-75.17557493554382,39.94237723532052
421013010,-75.17432507362221,39.93972666281425
421013011,-75.1769972383827,39.94050063391372
421013012,-75.18074652544537,39.940604419013155
421013013,-75.1815731912858,39.94207837286686
421013014,-75.17989158315089,39.94296287543308
421013015,-75.1786715714098,39.94379597588194
421013016,-75.18282222409151,39.94543395266963
421013017,-75.1872688563308,39.94275328992002
421013611,-75.17581717853378,39.93018581764127
421013612,-75.17783944973101,39.93134363733132
421013613,-75.17879027926412,39.93019589626008
421013614,-75.19049464045716,39.93527006352622
421013615,-75.18170297254632,39.93044535078858
421013616,-75.180771540713,39.93212600374092
421013617,-75.18266647679683,39.934210077718696
421013618,-75.18304164267525,39.93280983621684
421013619,-75.18420168199687,39.93104408858881
421013620,-75.18522083905609,39.938257802577205
421013621,-75.186182216483,39.93450735594527
421013622,-75.18667073042145,39.93158196480747
421011312,-75.15001650012998,40.022431944156864
421011313,-75.15194636080093,40.02101926899575
421011314,-75.15421944562611,40.01919489660739
421011315,-75.15145850959907,40.018142107154716
421011316,-75.15287491910485,40.01430103987005
421011317,-75.15655591254789,40.01741153311723
421011318,-75.15849008970464,40.014250374121204
421011319,-75.16407663110871,40.01468273121173
421011320,-75.16003870812403,40.0107556466105
421012124,-75.2008756907639,40.0372519053052
421012125,-75.20342242120176,40.02820895061639
421012126,-75.20618508688732,40.0317986148746
421013623,-75.1878480137385,39.93789944810177
421013624,-75.18894447205163,39.9329059897058
421013625,-75.19060340659077,39.93271384050908
421013626,-75.19237193796822,39.93815325680423
421013627,-75.19217259594878,39.93291463702392
421013628,-75.19507816282342,39.93855156239111
421013629,-75.17002550799793,39.92923304808776
421013630,-75.20114866489875,39.938153861120355
421013631,-75.17376603453697,39.929712782434926
421013632,-75.19006063325658,39.93791733574384
42101801,-75.17861696314692,39.947438280127386
42101802,-75.17609915775311,39.947357653040044
42101803,-75.17187341289774,39.946115353056626
42101804,-75.17098430026378,39.94712760692905
42101805,-75.16677766283458,39.94916952051885
42101806,-75.17088296728268,39.94827752996218
42101807,-75.1780605247833,39.95296814849316
42101808,-75.17435007197967,39.94869281606407
421011321,-75.15689210160862,40.01138309933446
421011322,-75.15483523874113,40.011486359494285
421011323,-75.15239151676329,40.01073121505748
421011324,-75.15777876674488,40.00928443690567
421011325,-75.15380822272242,40.00876394499299
421012127,-75.21158007467591,40.03572683821018
421012128,-75.2155901111389,40.03881985978975
421012129,-75.23384250321614,40.041347631457164
421012130,-75.23338195985247,40.054641991682644
421012131,-75.21772397581931,40.04128824239712
421012132,-75.22041278376881,40.04677806551465
421014708,-75.16473670476006,39.977388452617376
421014709,-75.16854436673088,39.97994128170304
421014710,-75.16607936893858,39.974056668943696
421014711,-75.1711387632117,39.98126101247029
421014712,-75.15984095028267,39.97936335692294
421014713,-75.16713406106528,39.97600122992531
421013201,-75.17636409425961,39.981606942652746
421013202,-75.1684957674315,39.983171882530335
421013203,-75.1786096974293,39.98214848894869
421013204,-75.17887172416351,39.98061777439027
421013633,-75.19504281631521,39.934540497928154
421013634,-75.16861885676529,39.93701029766073
421013635,-75.16985370267525,39.93527898804751
421013636,-75.16986908219542,39.933813777885966
421013637,-75.1694306994066,39.932066973724254
421013638,-75.17199556571511,39.93157672711509
421013639,-75.17216396240156,39.93693629216467
421013640,-75.17289495093671,39.933454805455575
421013641,-75.17175842033882,39.93028896987701
421013701,-75.14747461302116,39.986045385781665
421013702,-75.15342158885557,39.986737641797156
42101809,-75.18013046302266,39.950012912897265
42101810,-75.17217987426626,39.95035750506868
42101811,-75.16983802902769,39.95022965231691
42101812,-75.17476861057074,39.950682232183766
42101813,-75.176784912081,39.949690935887574
42101814,-75.16683497336226,39.945887160919824
42101815,-75.16830179436307,39.95300045260454
42101816,-75.17247082002615,39.95288089120005
42101817,-75.17087257364244,39.95599084099495
42101818,-75.17493371633698,39.9542960665583
421012133,-75.24928326291534,40.05670732221971
421012134,-75.23202360620296,40.07429541749514
421012135,-75.20093076229467,40.02358374545615
421014714,-75.16781135698332,39.97807975733659
421014801,-75.17676155411993,39.92592736187925
421014802,-75.17746371430728,39.92844176935645
421014803,-75.18170972736156,39.929099827342505
421014804,-75.18494477119883,39.92852387945852
421014805,-75.17818522274335,39.92671831463269
421014806,-75.18058998414675,39.92766055317605
421014807,-75.18946364008909,39.9297847206525
421014808,-75.18085565328411,39.92644307262939
421014809,-75.18516551621195,39.92699347703109
421013205,-75.1596464326049,39.98202491975181
421013206,-75.15940917173249,39.9842155345294
421013207,-75.15878581204775,39.98547084831315
421013208,-75.16282834981395,39.982434867828786
421013209,-75.16518202033302,39.98273963839005
421013210,-75.18586831578683,39.98251288611779
421013211,-75.16390838335037,39.98489364844424
421013212,-75.16356468155055,39.98643172285229
421013213,-75.166935933201,39.985914777705645
421013214,-75.16855195399722,39.98642562454753
421013215,-75.17087359120329,39.98425367804796
421013216,-75.17263673204847,39.98370182178692
421013217,-75.17423219530882,39.98390485179979
421013703,-75.14962025378989,39.98783123077977
421013704,-75.15389404809368,39.98926272289346
421013705,-75.1492783738362,39.989281105647514
421013706,-75.14896350565674,39.99204494337587
421013707,-75.1531864024635,39.99191493420196
421013708,-75.15098306127314,39.992663229759316
421013709,-75.14841023735264,39.99605725662425
421013710,-75.14977211159075,39.99798891337997
421013711,-75.1507843355977,39.99477687398227
421013712,-75.1531501972697,39.995328966913036
421013713,-75.14388038861833,39.98818846483895
42101819,-75.17591992876845,39.958032426011755
42101820,-75.16703215920802,39.94828379815663
42101821,-75.16531171221278,39.9478957027619
42101822,-75.17990712010804,39.96209648159142
42101823,-75.17593777920605,39.96094569307192
42101824,-75.17197152324839,39.960744356704595
42101825,-75.16550634203308,39.9572290830617
42101826,-75.16329168066693,39.96495249138972
42101827,-75.17918701762099,39.9517335456714
421011515,-75.16987884584731,39.96491813391582
421012136,-75.21212656911587,40.02405175907002
421012137,-75.21063381350429,40.032155979012884
421012138,-75.22536169854426,40.04937128798612
421012139,-75.22584066993741,40.056177763269886
421012140,-75.22095318089762,40.04401462885959
421012141,-75.22995432806833,40.0469904411232
421012142,-75.23276704917703,40.05017943955725
421014810,-75.20225918884323,39.9260504963003
421014811,-75.19815937563966,39.931877075245794
421014812,-75.18207427598192,39.924324343829426
421012412,-75.19813733665644,39.965095367562505
421012413,-75.1958006962708,39.96706809737772
421012414,-75.19752475362182,39.970887328630226
421012415,-75.20115569605808,39.96901866624757
421012416,-75.20074470216433,39.967164698186465
421012417,-75.20051691619508,39.96588300411704
421013218,-75.17679487574016,39.98375689730707
421013219,-75.17800417057146,39.98833596016122
421013220,-75.18000878152975,39.984151995923476
421013221,-75.18092628179471,39.986144261154855
421013222,-75.18197017748551,39.98890251719053
421013223,-75.18561299195434,39.984630339205566
421013224,-75.18429652753707,39.9859733679442
421013225,-75.1839735252591,39.9874727593881
421013226,-75.18509594974057,39.989117026165125
421013227,-75.18654595264587,39.98704591162951
421013228,-75.17655316051017,39.985901538842846
421013229,-75.17294034033141,39.986053222766074
421013714,-75.14626292505174,39.990237296015955
421013715,-75.14430327978464,39.99179885623297
421013716,-75.14196192393908,40.00068233717365
421013721,-75.14516548545461,39.99934207493051
421013801,-75.17752712898816,40.009729983761524
421013802,-75.17208675448539,40.0056829263941
421013803,-75.17202253456138,40.002806972484755
42101828,-75.18238989164492,39.94790546425712
42101829,-75.17553360964415,39.95541235316675
42101830,-75.16599853015803,39.961137480216486
42101901,-75.18555555070607,40.06662142867597
42101902,-75.18880065866018,40.0688676297276
42101903,-75.19274867720095,40.06527805322401
42101904,-75.1975233493987,40.07078113515557
42101905,-75.19960203008823,40.074630177714
421011601,-75.15929302331226,39.987497551062276
421011602,-75.15781986131982,39.98846859571964
421011603,-75.15781690791594,39.990423842025955
421011604,-75.1574972089582,39.99191608679434
421011605,-75.15742918512247,39.99348294152504
421011606,-75.16215400588567,39.98786642290295
421011607,-75.16115716997838,39.99008644807313
421011608,-75.16064866756648,39.99294739923983
421011609,-75.16545339662355,39.98829191687986
421011610,-75.16367998052608,39.989648791988465
421011611,-75.1633522518485,39.9911421200208
421012143,-75.23610185255164,40.063508585656784
421012144,-75.22407551413943,40.060833009756045
421012145,-75.24339721622177,40.06412544033396
421012201,-75.19930806182785,40.04593590908856
421012202,-75.19501768083428,40.042825827148334
421012203,-75.19179469941417,40.03933314561504
421012204,-75.19461861144225,40.051881135766514
421012205,-75.1919517550418,40.0482415513879
421012206,-75.19018990108901,40.05472400303904
421013230,-75.18147231380023,39.982433175808644
421013231,-75.18306254009373,39.981150231099924
421013804,-75.17310820658264,40.0003678180717
421013805,-75.17212144690669,39.99860759374295
421013806,-75.18029405006963,40.000571918824775
421013807,-75.1763303375739,40.00380227196258
421013808,-75.1754439173032,40.005403747107444
421013809,-75.19228422794707,39.99089885264879
421013810,-75.18335784710509,40.0044039359114
42101906,-75.203222183316,40.07795169073941
42101907,-75.2173773330211,40.084826771623064
42101908,-75.21967845001524,40.0763213507472
42101909,-75.20934459683393,40.07392845694619
42101910,-75.21278796103314,40.0653653201928
421011612,-75.16270347186048,39.992708762905615
421011613,-75.16509047621291,39.99176315935781
421011614,-75.16834633521175,39.9899722766489
421011615,-75.17079636308367,39.98776148915726
421011616,-75.17277173536601,39.98833013900117
421011617,-75.17007572392953,39.99203941325012
421011618,-75.16709697460584,39.99423708970598
421011701,-75.1435420393519,40.052487256606256
421011702,-75.14729529966702,40.053561699706634
421011703,-75.14755486215437,40.052261708900204
421011704,-75.14450883714869,40.049693237187746
421012207,-75.18778175762971,40.050964269714285
421012208,-75.18839144942157,40.045018453970506
421012209,-75.18458763843132,40.04758400749425
421012210,-75.18629249645787,40.043672346634985
421012211,-75.18647906294166,40.05700427437881
421012212,-75.18408402625393,40.054494231967865
421012213,-75.18315543882235,40.05183671027648
421012214,-75.18098161132879,40.049513453540314
421012215,-75.17937577745803,40.05310711070252
421012216,-75.1880852644833,40.0612577887772
421012217,-75.18489118409329,40.060334356054625
421012218,-75.18259356478448,40.058834131631556
421013811,-75.18597785025001,40.02100221025826
421013812,-75.18412748376745,40.01112061593499
421013813,-75.19304438877869,40.01588168939022
421013814,-75.19051710848817,40.01049237438163
421013815,-75.19357895670099,40.00938719279788
421013816,-75.18816224964205,40.01220374699026
421013817,-75.17516652933506,40.01568635034323
42101911,-75.2065416903929,40.059951162967614
421011705,-75.14903931695812,40.049958393163976
421011706,-75.15181568366565,40.05050855789515
421011707,-75.15426283956462,40.05116276233548
421011708,-75.15652160317929,40.051190559685566
421011709,-75.15452861976168,40.0480853392871
421011710,-75.15544193139793,40.04655784987887
421011711,-75.14972642350928,40.04660301757856
421011712,-75.14673544266202,40.04793457547746
421011713,-75.14486223137571,40.04546700178937
421011714,-75.14896255673109,40.04457154118086
421011715,-75.15362488076592,40.04514743987334
421012219,-75.18069396418008,40.058509821507094
421012220,-75.17865596998892,40.05747985664265
421012221,-75.17761199369896,40.05528708169312
421012222,-75.17466393233447,40.05399332077265
421012223,-75.18282692439602,40.06574691486154
421012224,-75.17982180881219,40.06343996824388
421012225,-75.17570410986269,40.06324210340349
421012226,-75.17456254012046,40.060403386653704
421012227,-75.17164405016837,40.05999956681708
421012228,-75.16804506012126,40.05882599685579
421013818,-75.1841231410607,40.01532786283841
421013819,-75.20111308554429,40.01170235286416
421013820,-75.19678671454245,40.013534288111806
421013821,-75.17037189445352,40.001173045958176
42101912,-75.2020763644929,40.055972015365406
42101913,-75.1922412779594,40.057752158059834
42101914,-75.19583536438243,40.05524267642483
42101915,-75.20150745387464,40.04988682475713
42101916,-75.19425211179795,40.073762419446
421011716,-75.15660073490812,40.039801299092765
421011717,-75.15493888687756,40.04245461287304
421011718,-75.15216903341663,40.0422245948453
421011719,-75.14935840832821,40.04080069473257
421011720,-75.1465682307586,40.039950294635
421011721,-75.14714746536394,40.035798437751424
421011722,-75.14956342878565,40.03308721371809
421011723,-75.15347986037541,40.03566762231999
421011724,-75.15040591850206,40.02980040576541
421012229,-75.17154622515285,40.0553188371679
42101401,-75.22911579297624,39.96369187012182
42101917,-75.1919187422089,40.071739940114654
421011001,-75.14486610321325,40.06549202902242
421011002,-75.14873935183314,40.066891770205665
421011003,-75.15073421842875,40.068625570644066
421011004,-75.15019306340085,40.06330766385547
421011005,-75.15245634294254,40.061558619466645
421011006,-75.15604262820641,40.06218950588522
421011007,-75.1437801816507,40.05468392847404
421011008,-75.14830160274866,40.05526628101012
421011009,-75.14577049779459,40.056990399986226
421011010,-75.14271407039217,40.056586149401554
421011725,-75.15377267001375,40.02943738852202
421011726,-75.14522014914512,40.0418021348088
421011727,-75.14788603870441,40.04267754965744
421011728,-75.15662634463344,40.044373035102176
421011729,-75.15617471567856,40.02737723195739
421012701,-75.20723272732205,39.95374593984674
421012702,-75.2097035617094,39.950123795350464
42101402,-75.23056688915747,39.968098779124354
42101403,-75.23128014049087,39.96994144559881
42101404,-75.23043955510832,39.9723543921116
42101405,-75.23080519283752,39.97660509939563
42101406,-75.23421445194992,39.978714703286066
42101407,-75.23088992876879,39.9626678259379
42101408,-75.2317996103925,39.96552033521396
42101409,-75.2331740168862,39.97205223300783
42101410,-75.23349136917518,39.974268288475315
42101411,-75.23361212771904,39.97607553367948
42101412,-75.23464522749256,39.962742385568994
421011011,-75.14092188911233,40.06044602901557
421011012,-75.14484063153613,40.06134439606077
421011013,-75.16293823373591,40.06681208229154
421011014,-75.14898673260876,40.064972935091525
421011015,-75.15194947820763,40.06588098777441
421011016,-75.15669896981844,40.05603723297662
421011017,-75.149554318765,40.06100204896643
421011018,-75.16025072985013,40.0594549537427
421011019,-75.15663429665197,40.05979410789334
421011020,-75.15134779052113,40.0541120370356
421011021,-75.14991540829622,40.057356638432324
421012703,-75.1884198018353,39.954522241424804
421012704,-75.21592971929921,39.93906110904258
421012705,-75.20563028542374,39.94985023236734
421012706,-75.20491226551428,39.95629341485519
421012707,-75.20391226508968,39.9466332881366
421012708,-75.20149350043687,39.95051648986714
421012709,-75.20450841347728,39.95241602750836
421012710,-75.21155253369669,39.95186390725698
421012711,-75.19856849218894,39.95518349994557
421012712,-75.21518984964148,39.941115542149845
42101413,-75.2367051227334,39.96541374991649
42101414,-75.23681377562124,39.96753674582836
42101415,-75.2358417606715,39.96942584823401
42101416,-75.23609241975633,39.971728743629036
42101417,-75.23703186302386,39.97466704578553
42101418,-75.23716270063007,39.97744325516809
42101419,-75.23790596918852,39.96234781662215
42101420,-75.2384725768347,39.96427682097149
42101421,-75.23775149284377,39.980050177345134
421011022,-75.15260681769128,40.060021695831466
421011023,-75.16260037337261,40.060681626334805
421011024,-75.15994213357693,40.06301774279729
421011025,-75.15923569924438,40.064873525701614
421011026,-75.16029319570876,40.057759910081124
421011027,-75.15386096188732,40.0559690618599
421011028,-75.16552932659458,40.06190418361367
421011029,-75.16566339550859,40.06437457752813
421011101,-75.15629426643447,39.995549671506325
421011102,-75.16963170970136,39.99747003124201
421015225,-75.23443784054206,39.98637771303038
421015226,-75.23870269381477,39.98624064806328
421015227,-75.2396485517045,39.988350994483795
421015228,-75.2067912711689,40.00462177661623
421015907,-75.17492862172328,40.04270996841078
421015908,-75.17354325097445,40.0450491776108
421015909,-75.17060221210868,40.04663218366052
421015910,-75.17362763488715,40.04952955877265
421015911,-75.17510344361493,40.047234908390834
421015912,-75.18021760933921,40.04570099312666
421015913,-75.17753468031792,40.0489845794864
421015914,-75.17744802836306,40.044633421098965
421015915,-75.17839848717459,40.04204678574775
421015916,-75.17290637260388,40.0399437634702
421014601,-75.21713812775509,39.94977342586679
421014602,-75.22176143411149,39.950624693153124
421014603,-75.22503494791765,39.950478944652005
421014604,-75.22867051945057,39.95108774270497
421014605,-75.23258664807264,39.95195824531804
421014606,-75.23666085622078,39.95246696604708
421014607,-75.21945351614093,39.952063333460835
421014608,-75.21468001248718,39.945226161925106
421015917,-75.18021132087956,40.032359932762255
421015918,-75.18822690004325,40.034588784597425
421015919,-75.1804224959626,40.03519912084501
421015920,-75.18564140967194,40.031075822752015
421015921,-75.1839314225664,40.03668436739603
421015922,-75.18105083592285,40.03969076343231
421015923,-75.18333886051296,40.04191759017862
421015924,-75.18430028348627,40.04275408878651
421015925,-75.18743935441674,40.03881191725014
421016001,-75.21284247490719,39.95694010921596
421016002,-75.22085762132872,39.958193421912846
421014609,-75.22132058505673,39.94894012931565
421014610,-75.22534449408725,39.94862672591611
421014611,-75.22918865040239,39.94886939862332
421014612,-75.23290385666135,39.95044029101471
421014613,-75.23321661631847,39.94893373592881
421014614,-75.23617040540812,39.95006524741534
421014615,-75.23814571883979,39.950311302235846
421014616,-75.21307668495308,39.9475216597415
421014617,-75.21765750837245,39.94728477700106
421014618,-75.21401302571532,39.95026731068176
421014619,-75.21641108198779,39.95207657294586
421014620,-75.23558057205254,39.9476302943873
421014621,-75.23877743458442,39.94746845978016
421016003,-75.22359882998211,39.95801270177347
421016004,-75.22799282410224,39.959601366210435
421016005,-75.22831253354124,39.95808048024337
421016006,-75.23376272277277,39.95938314390416
421016007,-75.23741646522839,39.96024465833789
421016008,-75.22146235441366,39.95416029814747
421016009,-75.22364792711186,39.95284905425596
421016010,-75.22827135198717,39.953000629724876
421016011,-75.23226552078044,39.95349557678722
421016012,-75.2216800909985,39.95589062617575
421016013,-75.22438186836115,39.95554660713845
421016014,-75.22859504603332,39.956749341385446
421016015,-75.22883912649482,39.95556749456266
421014622,-75.21686900214935,39.95466766400177
421014623,-75.21302506125825,39.95364672209235
421014702,-75.16088344714166,39.97254634963433
421014703,-75.16049808210028,39.9756940046045
421014704,-75.1638936505108,39.9734559407448
421014705,-75.16307545240491,39.97573519120556
421014706,-75.16206455430599,39.97849955667664
421014707,-75.16468983123444,39.979943307413556
421014813,-75.1746551198789,39.92598502278133
421014814,-75.1715060636967,39.92608184563151
421014815,-75.18399406763105,39.92456670204188
421016016,-75.22907744885129,39.95442471022678
421016017,-75.23282262373256,39.956104699099704
421016018,-75.23485671620767,39.956357509645215
421016019,-75.2377095941947,39.957253483517654
421016020,-75.23611753910525,39.95408209358193
421016021,-75.23883580260161,39.954182268017256
421016022,-75.23806393196762,39.955541235055506
421016023,-75.21679633833658,39.957429787611154
421016101,-75.13294589652602,40.03510479573813
421016102,-75.13190582486641,40.03817238598608
421014816,-75.1866578065918,39.92439641849292
421014817,-75.17949765692389,39.92478706864978
421014818,-75.17385685892701,39.928049610746534
421014819,-75.19035133927248,39.92804553820543
421014820,-75.17065330900247,39.92763760581443
421014821,-75.19039281816309,39.92462412490577
421014822,-75.19379842959384,39.92953129101208
421014823,-75.19527032418797,39.93234434811252
421014901,-75.13624884400896,40.021424445642324
421014902,-75.13929268663561,40.02387082883751
421016106,-75.13236110094975,40.04331747291269
421016107,-75.13143561778757,40.04071487390279
421014903,-75.14111496238324,40.022173979356474
421014904,-75.14407412082177,40.02248310480623
421014905,-75.14620506001144,40.021515153314056
421014906,-75.14176807569126,40.023772179684975
421014907,-75.13960379601072,40.04077068584713
421014908,-75.13821360391518,40.05152282441955
421014909,-75.13357940983374,40.02943365013589
421014910,-75.13962788595012,40.02976520582657
421014911,-75.14590785025679,40.02665613700852
421014912,-75.14323553544745,40.02630851943361
421016117,-75.12963643848715,40.048915762778186
421016121,-75.13874374051066,40.05718481334632
421016122,-75.13507951993535,40.05885945397199
421016123,-75.13303917054527,40.054967689681135
421014913,-75.13619871787428,40.024293321381386
421014914,-75.13810756317596,40.02662234524887
421014915,-75.14069437036673,40.026801916901235
421014916,-75.1395827317357,40.038567930219614
421014917,-75.14357144850449,40.03002110743402
421014918,-75.13342360513745,40.049168653237274
421014919,-75.13651308153806,40.02875990449499
421014920,-75.14123571897312,40.04482808919917
421014921,-75.1437799019183,40.03322617018722
421014922,-75.1377109282562,40.033447865335326
421016124,-75.12852311729712,40.05414861159685
421014923,-75.14124267249836,40.03650421536891
421014924,-75.13695120338865,40.044317809919335
421014925,-75.13926671955302,40.048535268908914
421015001,-75.17640312852213,40.08136609714299
421015002,-75.17531106447132,40.074213215893835
421015003,-75.16981323874971,40.07454524799891
421015004,-75.17875520300575,40.078144959489734
421015005,-75.1751567172956,40.06893430541907
421015006,-75.16968566652467,40.06516023100506
421015007,-75.17783920350207,40.07104935127891
421015008,-75.16464329662948,40.070175266037275
421015009,-75.18090384287252,40.07221947902379
421015010,-75.16889317238746,40.07783970644735
421015011,-75.17040154646328,40.06800430568326
421015012,-75.17139116166528,40.071981882072016
421015013,-75.1609046755413,40.07384979617692
421015014,-75.16623447415505,40.07314658701394
421015015,-75.16801689030315,40.070654412124256
421015016,-75.15356099365705,40.069541915111245
421015017,-75.17329671235917,40.08188060916948
421014301,-75.14473352547776,40.01702628038686
421015018,-75.17256032668752,40.07631078415265
421015019,-75.17822304763712,40.08007815807215
421015020,-75.15774455472945,40.07218029250871
421015021,-75.18335427854359,40.07506056955122
421015022,-75.17506864924171,40.07764898450246
421015023,-75.16738369741428,40.06798043816499
421015024,-75.16022705606797,40.06843843863108
421015025,-75.16277350174168,40.072144622481716
421015026,-75.15504934782778,40.067639602412136
421015027,-75.17336259287727,40.06610187374558
421015028,-75.15596782054565,40.06543565715432
421014302,-75.13678962380014,40.018629266351944
421014303,-75.13812277353257,40.01758685064202
421014304,-75.13896475537511,40.01635129302714
421014305,-75.13931147144105,40.01476267818932
421014306,-75.13634974116344,40.01440113375309
421014307,-75.13874198389428,40.01311412411026
421014308,-75.14051902492801,40.01202283427043
421014309,-75.15059879178041,40.00280491254542
421014310,-75.15114474653221,39.99994360545223
421014311,-75.14080438208329,40.00372711746516
421014312,-75.14031743202955,40.005439073387784
421015029,-75.1636637582923,40.075024132420126
421015030,-75.15831422018805,40.07042880922523
421015101,-75.23635816834515,39.94556663696445
421015102,-75.22172980286986,39.944078900652336
421015103,-75.2122217905142,39.936083873901936
421015104,-75.22871217066727,39.93917111776339
421015105,-75.21844966388369,39.94258196633987
421015106,-75.21968588797506,39.94589008774087
421015107,-75.2211809938775,39.94151719280092
421015108,-75.21825836995868,39.93893409025392
421015109,-75.21962395431088,39.93796896588243
421014313,-75.14589479456302,40.00306369372142
421014314,-75.14991743413916,40.006742134626506
421014315,-75.14708029391225,40.00712816657938
421014316,-75.14466238777764,40.00681637066194
421014317,-75.1399792433026,40.00697993140918
421014318,-75.1374691084549,40.01002075959848
421014319,-75.14029724550768,40.01023451411922
421014320,-75.14063291242408,40.00869555931469
421014321,-75.14432140244661,40.00982230523666
421014322,-75.14845818963114,40.00969557857557
421014323,-75.14860867698269,40.01158674987916
421015110,-75.22296796850577,39.9386626442302
421015111,-75.22377498097747,39.940230384642334
421015112,-75.22438021585624,39.94170139293385
421015113,-75.22546079451539,39.94289045074156
421015114,-75.22444552677852,39.946391864807
421015115,-75.23127602188886,39.946303339962675
421015116,-75.22892768446992,39.944637074386584
421015117,-75.22689619233633,39.94417436729271
421015118,-75.23163713367845,39.94385730280687
421015119,-75.23003587123038,39.9415858843329
421015120,-75.22750726449108,39.94037581901013
421015121,-75.22632297838769,39.93821547060375
421014324,-75.14750133701669,40.01389604976804
421014325,-75.14441765629587,40.0119881634143
421014401,-75.22605182519605,39.973622243978134
421014402,-75.22749755247897,39.97592965792231
421014403,-75.22609779120658,39.960952327144796
421014404,-75.22711303815257,39.96342673245889
421014405,-75.2218296443498,39.97389228611486
421014406,-75.22495432899244,39.96366032161819
421014407,-75.2272960377108,39.968433489282724
421014408,-75.21899380148312,39.96115801603623
421014409,-75.21792563905112,39.9640420017692
421015122,-75.22099375001088,39.93700537871691
421015123,-75.235449581233,39.94380108335628
421015124,-75.22027736009902,39.93386290078186
421015125,-75.22422963653052,39.93578161045846
421015126,-75.23370491906987,39.9412640056072
421015127,-75.2303295840197,39.93865836207093
421015128,-75.23237722656076,39.942258074291445
421015201,-75.21933889652217,39.97690874080179
421015202,-75.19836486158081,40.00513758665492
421014410,-75.21866707304851,39.9664729827961
421014411,-75.21997909712229,39.97040000795397
421014412,-75.22117083854602,39.96790345805162
421014413,-75.22147186664426,39.96541459521014
421014414,-75.2215207441814,39.962285560754445
421014415,-75.22341525714327,39.962165680294234
421014416,-75.22415080285113,39.96587247504911
421014417,-75.22459121939862,39.96743384788892
421014418,-75.22487847476874,39.969731851583354
421014419,-75.22591704845235,39.972244418019784
421015203,-75.20988754007615,40.006744480031344
421015204,-75.20489665423825,40.003785258800704
421015205,-75.23965111339795,39.992538800080084
421015206,-75.19824125024032,40.000577477800796
421015207,-75.2091317725046,40.00430453662512
421015208,-75.21265145845506,40.001746399682126
421015209,-75.21511010991459,39.99900333910708
421015210,-75.20660507697932,39.988262335589305
421015211,-75.22156643100553,40.00165879037552
421015212,-75.22260971726548,39.996995381895296
421015213,-75.22355228105053,39.990733898139645
421015214,-75.22985707088822,39.997228335438
421015215,-75.23367376841665,39.9915837966387
421015216,-75.22851552719331,39.99259702091207
421015217,-75.22758108432598,39.98731321070911
421015218,-75.23068768050197,39.987941937172266
421015219,-75.23587691665765,39.98825262836387
421015220,-75.24493444516777,39.98854758455763
421015221,-75.22330339794446,39.983842916991186
421015222,-75.22853906916608,39.98314670791557
421015223,-75.23083132302268,39.985117888223165
421015224,-75.23327609264932,39.984136313644846
421015901,-75.16161575111617,40.056155545932754
421015902,-75.16391214296408,40.05384766835901
421015903,-75.15867930488294,40.05235846740558
421015904,-75.1669443148725,40.050584841694196
421015905,-75.16607594172898,40.046539684778004
421015906,-75.17021698575562,40.04339312688172