470210988,-87.01922140939858,36.26387920006747
470211008,-87.1743627845321,36.359785148678895
470211010,-87.0876541916674,36.33138002550876
470211000,-87.07167309097068,36.39389003427462
470211004,-87.260660502801,36.338689331566094
470211012,-87.11775039885467,36.24799845473189
470211016,-87.0406396375501,36.15364088894308
470211020,-87.12194067342918,36.12313648133604
470432364,-87.25251306931966,36.04800718756652
470432344,-87.29952284445059,36.036555630788015
470432400,-87.25655177140494,35.99489718956641
470432356,-87.34808769956034,36.06219109344548
470432340,-87.30260083789109,36.07752218589529
470432380,-87.33878985620137,36.10524067044404
470432432,-87.2183073877805,36.150739667489255
470432396,-87.3867132242462,36.011373611074966
470432392,-87.42218249109993,36.060000078684155
470432408,-87.42129094315969,36.111160461329284
470432348,-87.34608070587548,36.17540291550473
470432384,-87.2546574970117,36.24992773228669
470432428,-87.22032200578793,36.07567501875184
470432416,-87.4276118486471,36.16880639212652
470432424,-87.4714424066092,36.24859107492712
470432360,-87.36817416261685,36.28693820898641
470432368,-87.4817777968619,36.03639404794655
470432420,-87.51760545177001,36.105176805949014
470371949,-86.7667277960375,36.224696390443206
470371948,-86.78877937143041,36.21681142532594
470371947,-86.80859794014442,36.21261971115336
470371937,-86.63339688046084,36.05201368390697
470371989,-86.60138205842061,36.03571043021838
470372072,-86.95489804131338,36.071787214916675
470372080,-87.0161838600795,36.034685895837924
470372074,-86.97424157621298,36.05901766320726
470371822,-86.96179221557415,36.08952724325396
470371824,-86.93012929766317,36.090158573127816
470371826,-86.90753797694731,36.09916269304568
470371828,-86.88017185083207,36.12036939949221
470371820,-86.97166221575401,36.13705044204287
470371844,-86.8614120111637,36.13773854158518
470371768,-86.81405160602927,36.175531576313745
470371788,-86.82795335126363,36.16662886615046
470371716,-86.80202381597253,36.16504192293654
470371692,-86.78196851192999,36.12230454494258
470371701,-86.78926226143675,36.11808917552856
470371710,-86.80246469631328,36.13761581858874
470371700,-86.76690050304809,36.118982612612236
470371672,-86.75619309572023,36.12134569206783
470371676,-86.75691579130043,36.109996348562646
470372148,-86.73716411856584,36.17300994017545
470371668,-86.67809702733219,36.155814984029924
470371618,-86.70694751522143,36.13467138474788
470371572,-86.66102027492744,36.272936222467955
470371576,-86.71070160364226,36.3241357797912
470371588,-86.74693983634273,36.372781324856774
470371556,-86.688231805649,36.30066898407698
470371584,-86.78829311411492,36.34370154356862
470371794,-86.81386633701223,36.160215296787115
470371704,-86.80627923381073,36.14337452396097
470371860,-86.79778984142006,36.12608165687632
470371728,-86.73684742541758,36.14879246443473
470371720,-86.78592542907174,36.15829661168341
470371669,-86.7186451679503,36.155729234410636
470371664,-86.68688246919696,36.17526850848266
470372172,-86.71387935228917,36.24594931504736
470372176,-86.71978779066616,36.22482592444129
470372184,-86.71144460692045,36.20631929959536
470371612,-86.70635316852386,36.11564427109536
470371616,-86.68357918766195,36.12290906155941
470371608,-86.54966518898324,36.099604534265055
470371936,-86.59523961611056,36.06995294542121
470371620,-86.61730521267029,36.124157101032665
470371604,-86.58322392936454,36.17949554758169
470371586,-86.57908509053632,36.148904961499206
470371996,-86.72304078348836,36.02338180760307
470371714,-86.79229022104228,36.13030041949099
470371695,-86.78227379367584,36.136183812102495
470371656,-86.68911511373358,36.2128229926474
470372164,-86.70883363750553,36.181743450553434
470371684,-86.74036977788222,36.13304072971433
470371680,-86.73620496323834,36.114276213025704
470371624,-86.71855651908251,36.13588663598639
470372096,-86.72398450062447,36.28579195836262
470371760,-86.92432245827437,36.25891624278433
470371742,-86.83332894130626,36.25782179530801
470372092,-86.78770605299746,36.26407843916517
470371585,-86.59491805631532,36.20084261740683
470371602,-86.60034897607133,36.18127810265034
470371752,-86.88649715858664,36.334824097787155
470371589,-86.83815894948609,36.29917766986444
470371648,-86.64350528172272,36.19262681881668
470371600,-86.61877557730391,36.176458308699914
470371625,-86.72175342667853,36.1256007605862
470371909,-86.6402538326077,36.10238912860395
470371940,-86.61005832028638,36.090952755751886
470371644,-86.64098910086143,36.16915882898562
470371596,-86.61369797110424,36.202299558602746
470372200,-86.66487822202053,36.22599622743119
470371581,-86.615173931887,36.227278321631566
470371577,-86.63417772397078,36.24328358595583
470372095,-86.78016610440355,36.29237692878064
470371560,-86.75165605485323,36.32067411431721
470371592,-86.72104321385441,36.30708026579633
470372192,-86.69552628676605,36.273031364341946
470371908,-86.67586605682506,36.09216992584231
470372146,-86.77378435667147,36.16053556174384
470371984,-86.75385550758696,36.02597066455326
470372197,-86.69482367024574,36.259504144674054
470372183,-86.7168007641522,36.192503417023545
470372166,-86.72532261181466,36.18117169787081
470372156,-86.73168336243046,36.19795516330317
470372142,-86.75206870969289,36.16971172122762
470372144,-86.73880617958343,36.18758004729256
470372131,-86.75340473103255,36.18495014829806
470372130,-86.76584704476714,36.182172066229775
470371990,-86.65341931983944,36.04658463276956
470371938,-86.64467391281686,36.0665721307078
470372122,-86.74829992259811,36.195191235267195
470372180,-86.72611574988602,36.21288154921848
470372116,-86.7421557580943,36.221299783455976
470371928,-86.63849510889877,36.08481892800932
470371932,-86.62999981620658,36.08184650007114
470371920,-86.65728990349,36.068221731312384
470371910,-86.65948841943542,36.09941682642428
470372001,-86.76067329348473,36.06064116325917
470372000,-86.75567178589696,36.06751694669413
470371965,-86.72397251231892,36.06206785491221
470371888,-86.73937611089261,36.082678398336455
470371922,-86.6817614632923,36.073825966526364
470371800,-86.81826624121777,36.14435188789445
470371836,-86.84195957220501,36.14502014827003
470371847,-86.82889735693222,36.14882787616016
470372088,-86.74599959447984,36.24471818270241
470372104,-86.76722667902884,36.25204018925242
470372196,-86.73144834175017,36.253194845227696
470372086,-86.7362893404496,36.26996918272497
470371904,-86.71454460710929,36.08726694460264
470371964,-86.71406455298767,36.07570976483829
470371885,-86.69865749763773,36.072530616668345
470371968,-86.69741233526871,36.06090443487019
470371780,-86.80473784869493,36.18257844414023
470371951,-86.80575401856166,36.193378577672384
470371802,-86.81076718910657,36.15166312244705
470372036,-86.77435554167035,36.09588643290421
470372076,-86.94476662574,36.04927591101136
470372052,-86.8691608030195,36.07007195390579
470372098,-86.89132391113091,36.051288977142036
470372022,-86.83135062432697,36.062340855822434
470372035,-86.77783479775088,36.10733439867712
470371841,-86.83375259295816,36.12380980793193
470372050,-86.83876791253255,36.12358286094486
470371772,-86.82268174424175,36.184572016102116
470371808,-86.88686455519981,36.14395522362921
470371804,-86.86458030989309,36.15794005859823
470371706,-86.81095737171772,36.133172291164726
470371852,-86.82356449973142,36.121161549924906
470372044,-86.83594279950879,36.10077633918061
470372016,-86.81261521916652,36.095780075978205
470371698,-86.81146157120557,36.11297732417552
470372018,-86.79419328264956,36.101968911369156
470371688,-86.79373137163873,36.14275088759105
470371725,-86.74944622827128,36.14284395677214
470372026,-86.8105767877442,36.08533869765608
470372002,-86.74178229246512,36.06016322648261
470371988,-86.64999590789084,36.01679929571312
470372032,-86.79225693158841,36.06289210210925
470371840,-86.83616969017136,36.13484275962035
470372040,-86.85630117699883,36.09934479708821
470372048,-86.88006670751498,36.09561017043515
470372075,-86.92965559869187,36.06561875159577
470371946,-86.83371332505743,36.197695839536834
470371741,-86.8407224753475,36.21584391341406
470371812,-86.88428101897266,36.18339051674334
470371952,-86.85936887610323,36.19349561885038
470372097,-86.79291482969909,36.23656142869475
470371740,-86.87402940166572,36.23810644471768
470371744,-86.92832368112354,36.19136200266133
470372140,-86.7650906826356,36.16834680071004
470372124,-86.7689286370557,36.189509416998106
470371784,-86.79374973852194,36.18010235348525
470371697,-86.75891264860826,36.150873222284446
470371870,-86.78155960292713,36.11160702322584
470371724,-86.76723188999608,36.142051131889296
470371900,-86.73551855905716,36.098765773350145
470371696,-86.76863151905108,36.13060082027607
470371640,-86.65302386417882,36.15363670826755
470371665,-86.70762821570032,36.145237061525734
470372008,-86.73896802507835,36.046322413826076
470371976,-86.76356948094873,36.04009484769758
470372004,-86.72967205029623,36.05872052241038
470371980,-86.66209526521008,36.001900162457886
470371992,-86.67146395458141,36.037451393554576
470371962,-86.68752939734534,36.048657728268964
470371960,-86.70393682515386,36.05460769793759
470372112,-86.75435406730273,36.21945924178787
470371950,-86.75795972024726,36.22902433490519
470372120,-86.76676961541301,36.20419317106338
470372068,-86.90440844905628,36.072648576910275