480293125,-98.47131589400432,29.668624216031887
480293005,-98.48186481339944,29.72375459415473
480293128,-98.74311979324706,29.660670358104156
480291065,-98.67250862544489,29.2327051286183
480291058,-98.52439811177467,29.204191937221303
480293094,-98.599620889954,29.63078079577738
480293148,-98.51288844593628,29.66812907115417
480293075,-98.55590635683694,29.586301719634562
480293045,-98.51490056171141,29.602368141222904
480293076,-98.52803001376436,29.60097599612831
480293034,-98.64255998306488,29.738733230853263
480293017,-98.63986149797528,29.722859742257175
480293097,-98.56811825269345,29.691776260367448
480293173,-98.50884211449248,29.629749451831657
480293033,-98.50190835680334,29.617255244031423
480294133,-98.38141394899283,29.35624595693616
480294077,-98.37774964036467,29.376222875561577
480294070,-98.37364884190593,29.387982235154688
480293042,-98.50495465107801,29.655850166994654
480294036,-98.4067316817886,29.403519556118344
480294034,-98.4066256106243,29.393236272592485
480294062,-98.40030855272985,29.38112869795848
480293096,-98.64847904927484,29.64348282906295
480293039,-98.47207419265841,29.696076323339586
480293163,-98.50064528302575,29.644104615638764
480293089,-98.50806193381662,29.692809876008127
480293093,-98.54332335688633,29.615309718565417
480293030,-98.51939823656004,29.591399158330002
480293070,-98.54764602808453,29.565742464867455
480293130,-98.53773313902977,29.592239821585515
480293115,-98.55390805387428,29.55427725288477
480293174,-98.66268721954651,29.686386621869417
480293055,-98.68216810624689,29.715906823834693
480291044,-98.54265054889308,29.326826975600977
480291082,-98.69240705501532,29.406031063064955
480292063,-98.75805756031588,29.571270513428583
480291034,-98.78379047246911,29.46092881573358
480291062,-98.59313193988724,29.29322881495019
480291063,-98.60866228516817,29.22622921242456
480291105,-98.56308443217301,29.259590886768994
480291089,-98.41671750135671,29.28784851817061
480291076,-98.67876030483275,29.42296362577348
480291049,-98.51005570487219,29.348223465208832
480291045,-98.54316664048929,29.34510045171874
480291106,-98.70278855350617,29.403926076188323
480291047,-98.52422173323966,29.350122209238833
480291071,-98.67083197687536,29.413390195346214
480291080,-98.65398413419227,29.43521500873616
480291112,-98.68089190661816,29.399899519343528
480291070,-98.65587143443399,29.41361163563574
480291110,-98.72036610041086,29.404749060151357
480291068,-98.75764716397582,29.348921895031456
480291095,-98.67384240781423,29.35766444506612
480291067,-98.74444170437305,29.295541047297387
480291012,-98.65676587068792,29.402648648012182
480291066,-98.73739841997899,29.247770150147762
480291064,-98.66069425427962,29.287835507354657
480291107,-98.46231393614869,29.18382310780495
480291056,-98.4597110085708,29.27615236810138
480291024,-98.67632193004047,29.433295491334487
480291002,-98.68704758096378,29.432024798924726
480291059,-98.52635678596097,29.286189033229263
480291048,-98.51242396040499,29.330743495295337
480291046,-98.52803428587194,29.33176663909253
480291060,-98.58241420172693,29.325488417034617
480291100,-98.69948138755194,29.426654216022587
480294073,-98.38172673395864,29.323706924431246
480291081,-98.76980384292911,29.398536570674477
484950202,-103.2098512305274,31.73002089595967
48323003C,-100.56947750379776,28.98843771527622
48323003A,-100.49957707520484,28.72475514625977
48323003B,-100.46842812264345,28.916080268253705
48323002D,-100.22905137658219,28.38334764001372
48323001C,-100.43377555847204,28.687192606056218
48323002C,-100.26153932846401,28.590259729777234
48323001B,-100.47988790005128,28.714363935418714
48323004B,-100.25474368377618,28.8887741471327
48323004C,-100.4941800569519,28.713794992667328
48323004A,-100.50384795743585,28.703690163064238
48323004D,-100.49503428350296,28.682447635362156
48323002A,-100.49114202546197,28.698211825573008
48323001A,-100.49172581799206,28.702505235320874
48323002B,-100.34503685184755,28.7406434295535
483710009,-102.72509798640085,31.183746833171174
483710004,-102.01270188349012,30.886683868299773
483710005,-102.33156964273564,30.926279316317753
483710003,-102.12006592363441,30.720563882776112
483710002,-102.7557628292179,30.515195223183827
483710010,-102.641705066574,30.840053480795564
483710007,-102.72479650484773,30.978474154366875
483710006,-103.04373193248787,31.1104020577453
483710001,-103.24364128269985,30.851041246727362
482830004,-98.90113163503807,28.50379870082823
482830003,-98.95142498663972,28.225227409757153
482830006,-99.27217337325838,28.302301580750726
482830001,-99.30103805544533,28.54531728363693
482830005,-99.09892845372198,28.493400660924912
483830002,-101.3602277286488,31.241112971332708
483830003,-101.44472546022685,31.50609882817871
483830004,-101.65095774427772,31.427123202776418
484950201,-103.11076788264599,31.859084293381095
484950401,-102.96128324464483,31.712614108191588
484950301,-102.9069753541684,31.87107661932955
484950101,-103.10560250279181,31.9383802329321
483830001,-101.64623746094993,31.180093848680176
481030003,-102.587660473998,31.536059116825
481030004,-102.39554739550846,31.55655508782241
481030001,-102.38127945307879,31.229940115365242
481030002,-102.59399166152421,31.380821943717436
483770005,-104.43898249140089,29.782047415802513
483770004,-104.25929080808855,29.530883027691118
483770003,-103.98445834678687,29.556548391105856
483770007,-104.45835767202595,30.40513983936655
483770006,-104.50336551374193,30.09578892417825
483770002,-104.13127083262863,29.793327299745496
483770001,-104.00771934787291,30.13822917164678
482710004,-100.32387293035902,29.174640721019145
482710002,-100.25580823850824,29.44390089859283
482710001,-100.62145563925128,29.234083882308937
482710003,-100.54846612959813,29.483341498710463
485070003,-99.86006219169163,28.663767356502614
485070002,-99.80428578442815,28.67658868286316
485070004,-99.95569211994395,28.958918033185597
48507004A,-99.98190714138345,28.751155731619505
485070001,-99.57576532997541,28.912139893213585
48507001A,-99.70591289062928,28.751818177375668
48435301B,-100.63995916058434,30.567650483297193
48435201A,-100.37341818835415,30.434283994929025
483890006,-103.5244401206704,31.022070138787136
48435201B,-100.64187729673847,30.558053644300028
484350401,-100.71041299978212,30.397259689477607
484350101,-100.85449066606976,30.565792716381964
48435301A,-100.39624170095519,30.610610478675554
483890005,-103.82710801506305,31.051827565781178
483890004,-103.87906116016306,31.361112861398194
483890012,-103.51218686981059,31.402968507909105
483890003,-103.50638456804393,31.4113991983414
483890010,-103.59985341723137,31.334161215124134
483890002,-103.49858161185195,31.4178515896103
483890011,-103.35340615703991,31.284664531313947
483890008,-103.81029812986685,31.681738882955987
483890001,-103.49011208890714,31.427079623804506
483890007,-103.50905518432273,31.419348908685045
484610004,-102.25197593724175,31.123325255249178
484610006,-102.09406990704062,31.123928630636478
484610002,-101.87353241856806,31.221666914035396
484610005,-101.88043500202171,31.535198713822254
484610001,-102.04784492754708,31.438208875966044
484610003,-102.20735646428783,31.3693923810775
484630006,-99.99520476327748,29.54598317424007
484630014,-99.82074979878944,29.53047585943659
484630012,-99.70712432803698,29.326545856000106
484630003,-99.51103245923821,29.554969135648182
484630004,-99.69007541140607,29.517480266459213
484630011,-99.60940369862308,29.277192092491177
484630005,-99.6718293677292,29.173120019399754
484630002,-99.49704154876397,29.295594843939348
484630007,-99.92537046403108,29.364101190081822
484630008,-99.7999299564362,29.230524467557572
484630009,-99.80125754727695,29.20718026563992
484630010,-99.79146058605656,29.20499535091754
484630013,-99.95615671959692,29.17659850655921
484630001,-99.73245717093177,29.134966197804303
484430002,-101.9613571141933,30.001384935533263
484430004,-101.91924834933154,30.388935528978575
484430003,-102.21420292258989,30.38494772102423
484430001,-102.39709579576065,30.05430849499518
484130002,-100.30155986062718,30.86282458250678
484130003,-100.44164536163659,30.975020297709044
484130004,-100.7501969224728,30.98112687645763
484130001,-100.7794473227048,30.787911197276724
481370002,-100.13498195801493,29.77364551060592
481370005,-100.08381675441466,29.98175431742257
481370003,-100.49050466367676,29.913431733413248
481370001,-100.30749576810824,30.18755509744446
481370004,-99.97122903738564,30.163345117897872
484650011,-100.88508078812481,29.361805923709138
484650032,-101.20714431208945,29.995916405849634
484650020,-100.84354195441588,29.870657695914073
484650042,-101.5690883778337,29.948697948125126
484650043,-101.14992380771375,29.562505016927542
484650033,-100.9659648768356,29.434646402867713
484650031,-100.91493886869705,29.403574985523083
484650023,-100.88291079268025,29.452712563826047
484650041,-100.99670640131677,29.402898268966105
484650024,-100.78465622964619,29.437806726063798
484650012,-100.82398918294622,29.36856177064317
484650021,-100.87257557450997,29.365243987400177
484650022,-100.88673418799371,29.38651805113025
484650030,-100.91831903492563,29.382791876508286
484650040,-100.9118099061201,29.354488641093912
484650013,-100.80240628040409,29.319977318210206
484650010,-100.8954975037777,29.35806072914906
481090002,-104.70107651990284,31.29327952414694
481090004,-104.34475302460972,31.25083410545697
481090001,-104.72884266558015,30.90466609125219
4810903-5,-104.87126902172233,31.252158717805344
4810903-3,-104.47654255165337,31.75365951559525
481410159,-106.2524895942083,31.566565787299133
481410152,-106.261623745434,31.63420588020916
481410163,-106.21894276726394,31.61917103930212
481410168,-106.18486580171039,31.622777051456072
481410150,-106.23850530003948,31.637499487335294
481410148,-106.21877444961189,31.66009461188448
481410154,-106.27831136357149,31.616201402401263
48229003S,-105.79809748625341,31.51270959188877
482290004,-105.3187280538812,31.852433767040576
48229003N,-105.76778178724645,31.757855002803524
482290002,-105.63640957501454,31.346913427568236
482290001,-105.2087890206969,31.20565130424139
481410153,-106.29236428234755,31.644080843797543
481410151,-106.28541925904608,31.661781230456373
481410149,-106.26618783870761,31.670268772756273
481410143,-106.29778393992969,31.68852287625054
481410142,-106.2956331203858,31.69757764745881
481410144,-106.31268955330586,31.679948205478105
481410145,-106.31694943765835,31.65711188400898
483010004,-103.4563697120043,31.863415605862155
483010002,-103.4592060902919,31.688391972255626
483010001,-103.66825099444765,31.734933394306143
483010003,-103.72954088092341,31.891769657592093
481410169,-106.1672653051553,31.54211434129999
481410160,-106.1758999595442,31.500801492557628
481410161,-106.05555169304172,31.471362037480397
481410158,-106.12026869547935,31.578774978660253
481050002,-101.34366980350065,30.955655448933545
481050003,-101.7001497626015,30.87404952492043
481050004,-101.50649984039306,30.526555229918426
481050001,-101.12995910836224,30.525201632736657
482430003,-103.72621686044218,30.595342848686204
482430002,-103.96126844369618,30.840717739425376
482430005,-104.06843730105756,30.614531162766536
482430001,-103.99448316202748,30.52446191169756
482430004,-104.42129828556912,30.712440586000135
480430006,-103.57559433131443,29.509442784026284
480430005,-103.08213130662834,29.4420788571062
480430003,-102.98093699369453,30.05673036196656
480430004,-103.68829503317902,30.002159067917095
480430002,-103.50095345633062,29.97710222907722
480430001,-103.55064967392991,30.480686890667098
480430008,-103.41783413232253,30.18400112478029
480430007,-103.5097125633227,29.231152056231583
483250019,-98.97450752413584,29.11468498171873
483250023,-98.82799502409759,29.205922148211755
483250016,-98.84013183862217,29.177772480729804
483250017,-98.84689064873415,29.129059596290826
483250022,-98.91044177284921,29.15214541733818
483250011,-98.88485646818675,29.379418300383378
483250009,-98.82750452645963,29.650959453728905
483250010,-98.8614447236102,29.45048146444536
483250008,-98.89244302060087,29.535225061426743
483250013,-98.95493074983446,29.218708706543605
483250015,-98.86238575766629,29.21820179760026
483250014,-98.83331343642422,29.280963020558215
483250012,-98.87715843809245,29.318961358969187
483250007,-99.04110536311578,29.478419341137222
483250006,-98.9905647236246,29.304765295309277
483250018,-99.00819577742112,29.17870046536591
483250003,-99.13819505419677,29.30810586953261
483250021,-99.16253181263093,29.53870031535074
483250020,-99.16954593433887,29.35556356101579
483250004,-99.17868515425998,29.160355751415842
483250005,-99.12610387531258,29.249883761082362
483250001,-99.32783560011377,29.273929155049192
483250002,-99.28720387805429,29.49595872048975
481270003,-99.55831105247684,28.553284602863425
481270006,-99.80877282995937,28.58814575990868
481270004,-99.6548538226229,28.29671480085438
481270005,-99.78064640768234,28.420120445735346
481270007,-99.8147501727407,28.51347088760395
481270002,-99.98685619499146,28.575354860311126
481270001,-100.01459596703367,28.382907800603995
48475001W,-103.36210487030806,31.56005777056559
48475004W,-103.13816724317269,31.48105224362901
48475004M,-103.03351354538691,31.600510788208645
48475001E,-102.96368095647189,31.624290418350803
48475004E,-102.95746525029112,31.53818378650919
48475003N,-102.91081513523083,31.51314472220574
48475003S,-102.88459094974179,31.381459007771944
484750002,-102.81365328625179,31.539591227628392
481630006,-99.02494792376295,29.050101836246792
481630005,-98.86212727840852,28.92897117079009
481630009,-99.12016609979872,28.67937630365388
481630003,-99.10768062571,28.898390523279964
481630008,-99.25578314895148,29.004886551195707
481630002,-99.23798050608643,28.872618900007154
481630010,-99.29132648537305,28.731427245383347
481630001,-99.02541166712874,28.816170721397388
481630004,-98.9694373832223,28.795632665822833