480294186,-98.41375577892993,29.45619546293345
480294129,-98.47921493097436,29.43815564014164
480292130,-98.47306281560388,29.453147765978947
480294165,-98.3781161719555,29.56992693784397
480294039,-98.43293320949557,29.418020322582638
480294009,-98.4519117849145,29.43978401762828
480294119,-98.4704376409928,29.452549894097494
480294006,-98.47379076334866,29.443157777846245
480294029,-98.45280748249428,29.40825127761564
480293159,-98.41836052530616,29.526572777567853
480293110,-98.40479364242789,29.591958883332147
480294171,-98.40184800286461,29.56961497685407
480294125,-98.43111206088662,29.485747526487298
480294147,-98.4388695205025,29.486182586745166
480293100,-98.39319722202117,29.595457247646472
480294096,-98.4055838528882,29.539296934718177
480294099,-98.39512038866316,29.546673467570148
480294172,-98.39065113603387,29.573309362863117
480294169,-98.40342476372912,29.556702223778867
480294095,-98.39395714606111,29.552711548914175
480294108,-98.37414138383258,29.565239612345433
480294161,-98.3663302716383,29.472799896732635
480294174,-98.39097227814635,29.56639571873562
480294097,-98.32232762250361,29.588449968850856
480294160,-98.36518835752342,29.45647519552237
480294144,-98.39206267212148,29.46403070979291
480294145,-98.37876024709419,29.465903336366733
480294064,-98.3851394302999,29.464688783714
480294076,-98.36853344971335,29.492281677213338
480294158,-98.40156925443543,29.506618816801705
480294141,-98.40447484646526,29.5020434953939
480294111,-98.40133640755698,29.512797387602003
480294047,-98.41247075772478,29.501543260088766
480294102,-98.41391919009129,29.510539716075737
480294048,-98.40469572405075,29.49773693069748
480294139,-98.43110059408457,29.492898265377814
480294043,-98.40758483506744,29.443496486055537
480294154,-98.39467735911298,29.502891302527537
480294065,-98.36922910229076,29.45835560218396
480294106,-98.3939669961884,29.474853467372576
480294031,-98.44000649879263,29.39065117699387
480294027,-98.4548025759449,29.387475979838307
480294177,-98.45035887393983,29.401570869072778
480294025,-98.44183382962248,29.372073393084747
480294024,-98.43163545774445,29.364726014775997
480294045,-98.40987413088752,29.487966656327558
480294040,-98.42990368483316,29.440477793430812
480294135,-98.40774960099569,29.471443144814547
480294140,-98.41923220426213,29.49042700948591
480294063,-98.393199053357,29.490068521288833
480294080,-98.38657684516221,29.45478327777779
480294082,-98.40762939520374,29.42926135570895
480294041,-98.4080124760108,29.419314275535022
480294091,-98.4390754153683,29.488943874992206
480294035,-98.4322582839962,29.48931181498373
480294037,-98.42808964139594,29.402051186274875
480294030,-98.43931490033114,29.405070322816353
480294094,-98.38653228230473,29.55871337057197
480294032,-98.44027299135911,29.38041805468829
480294033,-98.41500758312706,29.376173737962663
480294134,-98.41600864886725,29.492525670050956
480294103,-98.46166058168448,29.387565152665722
480294028,-98.45499633771098,29.396405395047882
480294011,-98.45253793247552,29.423240169930896
480294010,-98.45151669934688,29.431573683959684
480294182,-98.39080834109117,29.468763961987946
480294044,-98.42206146244219,29.48716191119032
480294005,-98.47063021862903,29.431205959380875
480294004,-98.47090982262651,29.425229667796714
480294021,-98.39604997830467,29.526918393598624
480294181,-98.40704148537165,29.51373395484736
480294149,-98.38402102457331,29.533416110186796
480294022,-98.37692636285533,29.544425285248398
480294042,-98.3883015156946,29.447115522802143
480294179,-98.38043943660539,29.5792672113118
480293105,-98.36442621836711,29.59036610555875
480294104,-98.35298469390077,29.580353804371196
480293028,-98.38971389154187,29.584303491743643
480294003,-98.46734707333077,29.416061130456963
480294012,-98.45213313792271,29.41642538994845
480294002,-98.46721186781937,29.405734930010713
480294013,-98.46737621998284,29.399403601533578
480294123,-98.46962561536925,29.438195193171527
480294148,-98.4045084448588,29.528123456608718
480294023,-98.4157657226689,29.350196175310074
480294124,-98.45777821791249,29.3675653519515
480294110,-98.46280448368233,29.45787291951424
480292034,-98.50745100297068,29.43462593955694
480294017,-98.49213005860406,29.445137087491574
480291052,-98.49290277868528,29.338128724317155
480294155,-98.50358836288576,29.45918774488411
480292035,-98.4817058481146,29.45246565598267
480292071,-98.53889854720701,29.417742049383914
480291074,-98.46119454818972,29.362684617167005
480291019,-98.47453397205282,29.362029619705492
480294019,-98.44381183691276,29.359583046900212
480294016,-98.46741198411677,29.390576227000913
480294026,-98.45575805197588,29.37651030803943
480294014,-98.4771089793037,29.401944803868325
480291011,-98.47110302738164,29.379731538716296
481870308,-98.27496609837998,29.596636236980473
480292103,-98.54321077003442,29.420537109441575
480292033,-98.50725964145064,29.426196498647855
480292079,-98.53119275893688,29.41721615002332
480294109,-98.47512771236858,29.39363216843445
480294075,-98.47666807508344,29.414414712469
481870307,-98.23337773629808,29.61328032074574
480292008,-98.53438606831038,29.425357167955962
480292104,-98.51800619767685,29.451200937582968
480294015,-98.505672069633,29.444488340234425
480292005,-98.5315207435219,29.45117231109741
480291017,-98.48576372210302,29.375815998350895
480291004,-98.49736142220519,29.38757721614204
481870305,-98.29063836502964,29.575333210977796
481870304,-98.26945807434589,29.575040574236148
480292004,-98.52356755573557,29.44474115132659
480292006,-98.53350655985373,29.439295248990884
480292007,-98.53322954844896,29.431790661038704
480292003,-98.51819732769827,29.43368436302316
480292070,-98.52131367487361,29.418478933920646
480292002,-98.5205434866892,29.424312397014234
480291091,-98.43767543065474,29.32929231710829
480294020,-98.43960735257347,29.34283310792162
480291009,-98.48343260350396,29.388130348142752
480291008,-98.48398142221913,29.410421966895765
480292009,-98.5220809777616,29.412100822405463
480292001,-98.5090312663066,29.41728921271419
480291053,-98.46753803380163,29.336775247658252
480291054,-98.4900929121585,29.32641986053059
480294001,-98.48875774833968,29.42972639689052
480291098,-98.50752719219668,29.401605240174217
480291001,-98.50090558266646,29.414288067211942
480294018,-98.49158851993639,29.412140965247527
480291028,-98.49698517400441,29.37918347247694
480291010,-98.4839074849215,29.397693921537517
480292039,-98.51979007108083,29.460221840696885
480294157,-98.5116899656874,29.4592539500189
480291003,-98.49554834700233,29.40176911167177
480550301,-97.83719522517787,29.83331692160473
480550401,-97.65614387248242,29.876762921557646
480550302,-97.79887537277553,29.869296868316916
480550400,-97.68713726854992,29.885694487417766
480550106,-97.67793682724762,29.887441733471174
480550403,-97.67048171590497,29.915078255753293
480550402,-97.68886554823239,29.892830462403307
480550103,-97.69107835011081,29.877904105195427
480550100,-97.67236385699981,29.879266178081654
482090234,-97.75233809492961,30.0251778859389
482090446,-97.91544235136139,29.89977453696019
482090114,-97.92554095862718,29.886856398323626
482090111,-97.94442367307485,29.877902788646455
482090334,-97.94479705234237,29.889200868024233
482090120,-97.8866175936482,29.907208105378
482090110,-97.95630592099448,29.818270999112034
480910304,-98.08611499108788,29.716519334065424
480910201,-98.12990826523827,29.67471524241045
480910301,-98.17200691259487,29.671577085635313
480910302,-98.11451790753159,29.692080001924747
480910303,-98.11768539876279,29.71129229952585
482090228,-97.80488805201718,30.057276658416548
482090221,-97.8708765604208,30.02911022776497
482090223,-97.88375758556498,29.99656561631539
482090229,-97.79957116892182,29.987375475821942
482090227,-97.85684429885242,30.013278478011475
482090127,-97.85601134136397,29.96413580147479
482090113,-97.9529029099999,29.84217613133125
480550303,-97.73470158348076,29.95988974177238
482090112,-97.94264785496,29.87047942677603
484530323,-97.81260593488808,30.16208007412614
484530439,-97.723237550577,30.25515545254102
484530426,-97.70599008040374,30.261005224325025
484530427,-97.68662463097662,30.256281041184675
484530402,-97.64286364188112,30.13378087954265
484530413,-97.77332162347689,30.169990597602855
484530443,-97.75104733072126,30.181737909333844
484530450,-97.73071820063971,30.184006066565477
484530411,-97.79548762760288,30.159632497158885
484530405,-97.71031560227765,30.152078615070753
484530401,-97.56853885310447,30.18529405541482
484530404,-97.75353355700298,30.136389842948425
484530438,-97.73504281179218,30.258497627208975
484530429,-97.70938828603808,30.240276857931335
484530448,-97.76334937798936,30.182318307644067
484530423,-97.69093407115304,30.23089082489621
484530139,-97.69004706132395,30.3423910835157
484530121,-97.64113114903073,30.31342963022438
484530150,-97.70515418233695,30.344694906517407
484530164,-97.69085759376732,30.363424333106636
484530407,-97.66008419316915,30.21244224399276
484530420,-97.72759443552864,30.24039499879602
484530441,-97.76667335569722,30.21155101426998
484530410,-97.77682631688862,30.197949192326167
484530447,-97.79680784904065,30.198237661356256
484530451,-97.784264455234,30.18946257098332
484530452,-97.74704365006461,30.20413555343394
484530403,-97.71705052077235,30.078478937289724
484530101,-97.58536207879501,30.237772078674176
484530123,-97.6799321954559,30.260278528439322
484530356,-97.8130974348577,30.178638640374206
484530463,-97.7952358739733,30.178896478891563