51595501,-77.52374272418145,36.705973699016376
51595201,-77.53878160023682,36.69927840809609
51595601,-77.55199278739865,36.68087935792568
51595701,-77.5342967576592,36.688873084465826
51595101,-77.52532741967657,36.68600533955611
51595401,-77.54928516648793,36.704193603164505
51595301,-77.54701572382328,36.689924323110645
51053102,-77.82482835876547,37.10665632554618
51053503,-77.70342508943831,37.0754462030395
51053502,-77.71516569083968,36.977139252374414
51053103,-77.65000695552109,37.204424930375396
51053202,-77.54078720311055,37.219194581421725
51053401,-77.5865047685041,37.06852885283564
51053101,-77.5322902966253,37.182937271916444
51053302,-77.4599834636399,37.16501604234719
51053402,-77.49372731200988,37.03694781506048
51053403,-77.56481096708458,36.95922902808054
51053501,-77.61403386399526,37.130923983970376
51053301,-77.42313359737214,37.08762355190312
51053201,-77.4748445843188,37.21116154250164
51181101,-76.82661495645972,37.16527055648108
51181201,-76.72994353174997,37.11384703558969
51181302,-76.84409541131345,37.04966951351306
51181401,-76.99992916048112,37.11516879930614
51181502,-76.84345187224227,37.16242737707153
51181501,-76.95458092693129,37.189615434373046
51181301,-76.92720905956476,37.011868338266744
51081202,-77.67389706133326,36.605026898104285
51081103,-77.55906966212324,36.65656685874134
51081102,-77.43640914715985,36.59346732015846
51081302,-77.50860658205144,36.70510877636179
51081201,-77.62012670723387,36.692278762460106
51081403,-77.59545470012674,36.7467104548759
51081402,-77.50595073728714,36.80180161054271
51760303,-77.43578080550633,37.577422757363784
51760302,-77.4422943494055,37.57849265939062
51760304,-77.42715661657816,37.576287608759394
51760404,-77.50443762396688,37.525903468089055
51760402,-77.48447859251098,37.523850290170465
51760503,-77.4777866536579,37.53795131033789
51081401,-77.603912281715,36.81757475772525
51760509,-77.47809920391816,37.511086100227196
51760909,-77.49991286260628,37.51229681396773
51760410,-77.54057630701166,37.54215666060975
51760413,-77.5232318860271,37.546231970513496
51760409,-77.57817170867335,37.545259638908654
51760508,-77.46189740759024,37.523247498599076
51760510,-77.46123025586103,37.51458870403579
51760609,-77.42893633596238,37.50118912680619
51760810,-77.48576525335302,37.50183211255472
51760602,-77.42125103032322,37.548753888876576
51760701,-77.4031680702111,37.547218043326794
51760702,-77.41033822900819,37.54451030231247
51760703,-77.4001284623165,37.534920631374774
51760911,-77.50350997020502,37.50039950590121
51760908,-77.517591670016,37.50915435126674
51760910,-77.51126652736798,37.49120663453548
51760705,-77.40758288000913,37.528681680810536
51760811,-77.45803034376418,37.4984639379145
51760112,-77.48602135352337,37.569643805916606
51760301,-77.44401673901972,37.5931963889324
51760604,-77.41725574184227,37.563390657023305
51760902,-77.47934701179771,37.49230723857647
51760102,-77.51526831340084,37.57444364601019
51760101,-77.53014301716684,37.57794685161963
51087506,-77.35872262072614,37.4928818599152
51760606,-77.41912682942059,37.57374848152166
51760707,-77.41835270023803,37.530973442900375
51760806,-77.44189731885771,37.4740594821674
51760610,-77.43851192655306,37.50221793030244
51760106,-77.50825838545198,37.5558696891085
51760104,-77.50561732153076,37.569749206821754
51760802,-77.44271376096752,37.511265429082655
51760812,-77.47885729466063,37.46735456940504
51760814,-77.4692073098415,37.48005700272013
51760105,-77.49348337447994,37.563161423654996
51760114,-77.48112783529025,37.55798914441651
51760111,-77.49509182920828,37.574790088809436
51760903,-77.49494867101349,37.47898055320008
51760309,-77.46962855067599,37.59099525449224
51760706,-77.40200292894407,37.51739592350112
51760204,-77.47027648963542,37.56634233472388
51760113,-77.47810567671254,37.56351020672923
51760307,-77.45181459252919,37.582137606265405
51760501,-77.48503756746747,37.54938213424486
51760306,-77.44799597983803,37.563016190951174
51760203,-77.46144732713327,37.57516706618704
51760206,-77.4573127422554,37.5581317531463
51760208,-77.46098086354662,37.550984272450656
51760207,-77.47041138130862,37.55454884830388
51760504,-77.46527795265948,37.54642517526624
51760505,-77.45793637729197,37.53547770104475
51760211,-77.44764335669116,37.544641440019404
51760213,-77.44606451328053,37.55146600133988
51760607,-77.4361492171991,37.53827806142276
51760212,-77.43709707245858,37.55304805038033
51760305,-77.43911813549364,37.56395091929936
51760603,-77.42950476902838,37.56082815946855
51760412,-77.52157887661667,37.518800148599915
51760308,-77.45403175648362,37.59406339300474
51081101,-77.57058907632054,36.58795358784631
51800502,-76.76867022205165,36.68268494231637
51800603,-76.60589879225621,36.75225233030812
51800501,-76.67562225803063,36.71049893717407
51800301,-76.52442877723503,36.689204495639125
51800303,-76.54750154645558,36.60620694029747
51800401,-76.62630376139843,36.68102264383435
51800402,-76.66744300894142,36.59353461865029
51800601,-76.59297033075931,36.73260241218934
51800503,-76.82215656177948,36.604139542201274
51800403,-76.59270504801677,36.7168169397812
51800504,-76.68438138530152,36.75540353613954
51041101,-77.4186896112651,37.39919019756552
51041110,-77.38813273919364,37.33181220949832
51041102,-77.4204730709931,37.343001811075176
51041103,-77.32136348034737,37.334755367569464
51041104,-77.42608851651497,37.37108388264312
51041108,-77.45791942199828,37.35773765887977
51041107,-77.42568667570367,37.32993125791835
51041106,-77.42206509527131,37.30012714344743
51041304,-77.56191837452673,37.29051575188974
51041305,-77.58461601507872,37.35712836091474
51041111,-77.47624770741969,37.32895984014276
51041201,-77.54171084711209,37.391960231383536
51041112,-77.43130713468963,37.31934501348313
51041109,-77.36939180725787,37.36010699662844
51041209,-77.46825081059544,37.39280967253329
51041301,-77.44107076347589,37.25180602020078
51041211,-77.52874480098932,37.34720704455361
51041303,-77.50721469359975,37.241879640021374
51087503,-77.27243916201184,37.53998300106585
51087504,-77.29056680612135,37.521316154300216
51087515,-77.30827692415883,37.50095193785872
51087513,-77.32271766895836,37.54749993645202
51087501,-77.22040017438893,37.5016658943936
51087507,-77.23306668701605,37.48313004692039
51087508,-77.31909247295609,37.53904558765744
51087505,-77.31468725963549,37.454203038099315
51087516,-77.40411827427043,37.46459404918257
51087518,-77.25959692064617,37.4196045923003
51087517,-77.35630809832253,37.40901643466127
51087511,-77.35168506067349,37.43844535353061
51087514,-77.34528234789099,37.540195022917466
51087201,-77.36049834554579,37.540519431484405
51087510,-77.38035525078602,37.54639476636563
51087512,-77.38008494985733,37.52687096336388
51087509,-77.34874056446701,37.51941910610958
51087208,-77.36489572692611,37.555243605042364
51087519,-77.3858523833862,37.487448719089606
51087502,-77.34275143649327,37.562834548280286
51087209,-77.38259982366733,37.58704570835664
51087211,-77.42542906410546,37.5904874614021
51087215,-77.37907817799619,37.574823315198586
51087206,-77.39594676460071,37.5569865477585
51087220,-77.39816700854192,37.570188516387795
51183602,-77.20568047088253,37.0204213399353
51183601,-77.07081657463053,37.05620831763604
51183201,-77.39606733434671,36.934905505538225
51183301,-77.23525502752145,36.89694939811068
51183502,-77.35077915868844,36.8267481961411
51183501,-77.44039733313214,36.79270701153583
51183202,-77.51666265060327,36.89297393963091
51183302,-77.05369703488373,36.934048316999046
51183101,-77.10113889809523,37.029842838427435
51183402,-77.09257217650817,36.99858103495682
51183401,-77.0042082208002,36.99924101412199
51036101,-77.19380242455202,37.38309394024062
51036201,-77.11428668795119,37.38098225636468
51036301,-76.9758346225388,37.33062770400377
51550046,-76.27387179154303,36.72157955207227
51550023,-76.23067884237807,36.73254799233203
51550043,-76.21860346391395,36.70579611254014
51550036,-76.24242979589471,36.66084949775659
51550039,-76.33397656642423,36.75404231552114
51550016,-76.13696397356641,36.692991454824856
51550034,-76.2077766886797,36.66962349346015
51550017,-76.16543882915671,36.60705576937322
51550050,-76.27820104164566,36.74079860084284
51550048,-76.40551340801599,36.795429528997026
51550009,-76.31512687749951,36.66445973818913
51550014,-76.32138692604018,36.704744186750396
51550052,-76.31474934931325,36.74489879247159
51550041,-76.33549495189098,36.72190687182125
51550045,-76.4070006961134,36.76823015803668
51550037,-76.26042072014306,36.6993334923923
51550001,-76.25245905050265,36.71515144215879
51550028,-76.41794860191413,36.775582052640566
51550019,-76.44525070862991,36.7928679075919
51550002,-76.29367339751937,36.58961589491651
51550020,-76.42180678272386,36.80277125422113
51550006,-76.4215782631797,36.656520822694574
51550047,-76.26908930843571,36.68396911759373
51550007,-76.2136489006386,36.754937370063345
51550051,-76.20637005637566,36.694960697077164
51550049,-76.16564003896671,36.74213551067064
51149105,-77.1830598924572,37.160832607761094
51149203,-77.0761494921293,37.248298965149054
51149201,-77.24216385529307,37.258840299195256
51149204,-77.26777642549722,37.27104837138237
51149205,-77.33715788332705,37.264366312702116
51149104,-77.31316842181769,37.20661923151123
51149202,-77.19164743715965,37.24030982841987
51149102,-77.30856850297168,37.08132153985777
51149103,-77.32684708925676,37.15013690426241
51149101,-77.37499728886479,37.14207826575532
515702,-77.39623505919293,37.249160220664166
515704,-77.39509097468606,37.26859777642859
515703,-77.41781751648922,37.27180110252345
515705,-77.37660094922587,37.2816756708681
51175102,-76.88531612935087,36.90880807269917
51175101,-76.95254770879754,36.8477244145912
51175501,-76.9519743974155,36.732053996986004
51175602,-76.96866375645321,36.766810956642146
51175302,-77.08966560572951,36.811625005029036
51175202,-77.29243630147631,36.607738387340575
51175201,-77.18424363537487,36.60841186608482
51175301,-77.14374128495203,36.701468112079134
51175702,-77.06295879711166,36.595338816015676
51175401,-77.30968018684916,36.733525168435
51175601,-77.03364143833926,36.73205789406022
51175502,-76.97606741252152,36.65890580882399
51175701,-76.95352927730802,36.5896856340948
51175203,-77.3613589317284,36.66617537741405
515701,-77.41184539228239,37.24564486562437
51670301,-77.3094367615112,37.302772941413664
51670101,-77.28943511216553,37.30676023611709
51670201,-77.27728026106779,37.292313435012176
51670601,-77.29654868333185,37.28176956003598
51670401,-77.32467371579051,37.29072532777625
51670501,-77.31192838449876,37.28464695394989
51670701,-77.30884880292622,37.272185742331764
51730601,-77.42130058387608,37.21591895004618
51730701,-77.42416631525597,37.193874850292886
51730101,-77.36611609130668,37.221285411202864
51730201,-77.36187981607009,37.190761705441425
51730301,-77.39067822237494,37.19147379375505
51730501,-77.40817514056752,37.2147585361936
51730401,-77.39796417763247,37.22382679268369