54069108,-80.69718890993838,40.048993002292605
54069107,-80.6800368729755,40.03955623227789
54069103,-80.71241584831598,40.034973430578326
5410344,-80.85513606122045,39.64674282696983
5410310,-80.4552213516471,39.65852563714509
541035,-80.51518924682672,39.688872029372746
541034,-80.59294916060081,39.651364467282164
5410346,-80.69699847156764,39.67829831224692
540172,-80.85995077602726,39.273816853084504
5401717,-80.68909327176948,39.2047117873845
5401710,-80.59294067345975,39.221681230474786
540176,-80.68312198637084,39.361828204652696
5401713,-80.61774702509328,39.40184744492105
54069102,-80.72914442622067,40.035453027006426
54069100,-80.7284529974283,40.04478278723902
5406977,-80.72437251893048,40.05868453780076
5401714,-80.57055617171379,39.34590938918005
540179,-80.64643375801688,39.29210124822997
540174,-80.73470289562238,39.13035022509247
5401718,-80.81307028575996,39.17984775238084
5401720,-80.79554528568403,39.266834327198595
5401722,-80.72605786829575,39.30479040395719
5401724,-80.76952142381055,39.337057454623135
54069104,-80.7158905762017,40.04722341422527
54069148,-80.66426590605421,40.03313643325149
5410345,-80.80928581836446,39.68667094289607
5410343,-80.85375494378835,39.6882654995447
5410333,-80.86370173999359,39.64888433090434
5410340,-80.79936033634867,39.635466666499944
5410327,-80.54817911938567,39.58167111182941
5410329,-80.5361227406038,39.48659362450102
540238,-79.25609070477088,39.06389164251961
540231,-79.10466840530748,39.01083899919737
5402311,-79.14964342063557,39.11730997542862
5402310,-79.384374825871,39.23074571222738
540239,-79.29440572146612,39.176310417352795
5406911,-80.67693744035091,40.14486211961011
5406912,-80.63408801070551,40.15596316155073
5406913,-80.64888623409935,40.12669707133139
54069135,-80.65765019777145,40.03836946720962
54069141,-80.65061455406266,40.04550483181522
54069131,-80.66425393701547,40.04857209979886
5410321,-80.67465715266987,39.54925128013016
5410324,-80.6184850886943,39.51772489440773
5410316,-80.74181926509988,39.55693528792529
5410318,-80.74047806243915,39.606920708624806
5410315,-80.81053015345255,39.5848424102531
5410350,-80.87636807156899,39.610390919277684
5410336,-80.86171861858392,39.63684276612221
540236,-79.14552702021905,38.97622041192173
5402312,-79.12077128577259,39.05839264931491
540233,-79.12277906692898,38.987714236561374
5402314,-79.16631769159241,39.21901650810437
540691,-80.70345907403225,40.134631570391974
5406910,-80.6916006530631,40.14303262987634
54069158,-80.58796781750077,40.14883985808947
54069161,-80.56954460925233,40.1115130654377
54069146,-80.56787774539404,40.04885399653448
5410338,-80.93260472684493,39.60424121333422
5410339,-80.92800712912566,39.607927138067396
5410348,-80.85847760949939,39.68147023620208
540232,-79.13482192937506,38.999546175143365
540235,-79.17874368774672,38.91586823301614
540234,-79.10396600972703,38.904517841621015
540237,-79.2549035369081,38.9690502835237
5402315,-79.22832463952491,39.26533606476208
5402313,-79.06434775381896,39.20196593472795
54069137,-80.6424355572668,40.03307033384214
5406916,-80.65425148793592,40.10070458899189
54069143,-80.63222215470235,40.073258681794414
540694,-80.70312986683842,40.12076701777153
540011,-79.94596831443182,38.977572427645526
540012,-80.01064169669199,38.991645524369815
540013,-79.91654560074863,38.99994147209821
5400113,-79.9955398970658,39.227642037788364
5400112,-79.90976321619843,39.181483672633
540018,-79.97925442729446,39.11453754602586
5400111,-80.00974204572572,39.17166126189128
5400115,-80.0407753400147,39.17032279958092
5400120,-80.08055448523135,39.21176312315652
540019,-80.04303833971352,39.109182088963436
5400117,-80.07830300636206,39.139855178262984
5400114,-79.89534671334007,39.24526358229003
540017,-79.87609120014092,39.126366452262566
540695,-80.70506176668411,40.10353677776862
5406914,-80.68312312667702,40.10328216513879
54069129,-80.66572079313488,40.0650740943416
54069130,-80.65093606310161,40.06409373166878
5400116,-80.10591178249825,39.075934294344655
5400118,-80.19202310387585,39.11419920613669
5400119,-80.15677459400703,39.162335902929684
540016,-79.97656602258127,39.06448359032085
5400121,-80.13184577874527,39.22387242622628
5400122,-80.16177035997188,39.21433891834086
540015,-80.00677896543051,39.03422742185849
540014,-79.90782755243585,39.04627700130219
54069113,-80.6961288184017,40.08913716006975
5406920,-80.70967505149959,40.085024144442926
5410342,-80.85880822349726,39.665931786640805
5406923,-80.72180269887878,40.086981404501
5406924,-80.7254658032068,40.07789572878002
5406936,-80.72334600812425,40.07039845961826
5406960,-80.73194425053097,40.07866498915387
5406964,-80.73259223421499,40.07173554880754
5406969,-80.73127986286758,40.064474629105106
5406928,-80.71073414844577,40.075553016588415
5406931,-80.70364634666832,40.077190532423714
54069120,-80.6769755227569,40.083575223258755
54069119,-80.68294776028739,40.07914845149017
54069125,-80.67385115669687,40.07179915269098
54069116,-80.68862972609463,40.080595140445965
54069115,-80.69158252398822,40.077763340551655
54069122,-80.68367924023983,40.07393649774193
54069128,-80.69117058145491,40.06367912687457
54069127,-80.68929742514776,40.06973060701121
54069124,-80.68183600996083,40.066450137511204
5406949,-80.71002589757367,40.06536068698138
5406929,-80.71618200900394,40.06939904412425
5402910,-80.61153076767758,40.50746158915384
5409510,-80.8431075152698,39.47011380697768
540094,-80.60954199786399,40.276554230217855
540771,-79.71442183657057,39.669652455967594
540772,-79.62547611373402,39.662214619236785
5407710,-79.80329647135542,39.54200310182603
540779,-79.80028417434903,39.55116742506219
540774,-79.76781370104763,39.56171804435223
5407712,-79.80150656285534,39.49454908917745
5407711,-79.82379400773227,39.501557867916304
5407711A,-79.83819641691183,39.52678247358237
5407721,-79.86420867142608,39.469438116340115
540778,-79.77436892543109,39.4391677637279
5407713,-79.68048177500184,39.46731145144306
540777,-79.71768822280562,39.50905508314542
5407714,-79.67769190772,39.48769986689153
5407715,-79.68460427558229,39.47699664046572
5407716,-79.69548658830968,39.4520825009552
5407717,-79.6229638289903,39.473837285551745
5407725,-79.72418716911274,39.40421045970863
5407718,-79.55966589632277,39.46609776223311
540951,-80.85727060158636,39.3871909808509
540959,-80.96901345832981,39.40778691635186
540952,-80.89215317597916,39.4934962594954
540954,-80.87819496838966,39.536178869147875
5409511,-81.03716307790339,39.489645422084834
540955,-81.00854765727688,39.541602152458644
540953,-80.90711832125993,39.49449570672674
540956,-80.97625748883699,39.56876153828321
540958,-80.93348766558377,39.58619352672525
540957,-80.76107611662606,39.41532144974272
5409512,-80.71924301641498,39.45771959872979
540091,-80.61271492842974,40.26923257094599
5400915,-80.59935329884252,40.23769928097833
5400916,-80.65426165788678,40.196885932759656
5400911,-80.6518130865913,40.21940326112025
5400914,-80.54934312917094,40.19897511360856
5400913,-80.61424828271198,40.19610668333387
5400921A,-80.5996485668198,40.267636680650675
5407729,-79.6189033078079,39.383778572429094
540775,-79.66980595816779,39.572748667698306
540776,-79.56226939389218,39.59372043074363
5407719,-79.53309884663341,39.52183425993537
5407720,-79.50420775194856,39.48276746448908
540773,-79.52054036120909,39.669357382633706
5407730,-79.50827200065432,39.41159438475344
5407722,-79.85145960825719,39.41437152215467
5407726,-79.75498577693075,39.3658275948368
5407723,-79.8551658030785,39.36669235433701
5407724,-79.82042574669688,39.306029689201964
5407728,-79.72023000844028,39.28779322551003
5407727,-79.70645462783692,39.34439519196034
5407732,-79.59257320307972,39.30117385306486
5407731,-79.51360995172887,39.337418550896174
5407733,-79.52370279943753,39.25498150013002
5400921B,-80.53830363223724,40.278112860246246
5400917,-80.57207660789253,40.25841232987361
5400935B,-80.55126046011847,40.33207549050876
5400920A,-80.53340356908669,40.31408022785117
5400924,-80.55293355738151,40.37598366590582
540096,-80.61006469951668,40.28892378693969
5400920B,-80.58279915903326,40.29039679592173
5400928,-80.59668845254409,40.31862981180835
5400923A,-80.58547479912438,40.31455416755762
540095,-80.60781350025184,40.28243497234912
5400923D,-80.58551367010807,40.325530634149665
5400923B,-80.58511020217368,40.32364059006142
5400923C,-80.5726585826234,40.32571445450255
5400932B,-80.57902501934119,40.34332789663381
5400935A,-80.57216927239686,40.35666625544378
5400931,-80.59488917489693,40.32751001175677
5400933,-80.60198423060938,40.353143231951655
5400925,-80.61329940144513,40.38419853469406
5400936,-80.56082489714917,40.39668290576476
5400934,-80.60570839618997,40.39433532129613
5400926,-80.59489151429675,40.39423097964997
5400932A,-80.59910588889632,40.3373532912778
5402928,-80.5250491320913,40.40291853306746
5402925,-80.5366076018538,40.414388292129935
5402914,-80.59787141999934,40.432199073986865
5402924,-80.55647724965515,40.4099129051597
540298,-80.55785308016469,40.53590625420519
540293,-80.59889508896626,40.61869517113338
540291,-80.55757033779362,40.618217188283225
5402917,-80.60556320645527,40.41141196010519
5402923,-80.544490011655,40.4208737005941
5402921,-80.56306884626876,40.429472598136314
540294,-80.60874742943021,40.60760932040184
540292,-80.57262537954122,40.610141455944785
5402913,-80.53920537082739,40.4512527569609
5402927,-80.52479162025838,40.41776339886111
5402918,-80.6069927279892,40.39808275411177
5402912,-80.57255434075374,40.459162411338106
5402920,-80.57524706218942,40.41001304942388
5402919,-80.57833179278973,40.42820196504441
540296,-80.55843329949758,40.580181804083935
5402915,-80.58317428495278,40.40880748424299
5402911,-80.55573873314722,40.49429344253937
540295,-80.53359837124331,40.6156854609018
5402916,-80.59091093652171,40.40623282768753
540299,-80.60244726072911,40.52296463446461
540297,-80.62868658251607,40.57316851070843
5402926,-80.54542889467572,40.403662015483185
5402922,-80.56777104457916,40.41625186257877
5404936,-80.16960728844673,39.48054756724995
5404952,-80.23258360917035,39.46956158663555
5404948,-80.17017418927834,39.46445800155751
5404942,-80.20498686608394,39.45139688494914
5404941,-80.21329807399775,39.41805097808428
5404947,-80.25636507248129,39.43625068026842
5404944,-80.21628431574534,39.45891608295143
5404945,-80.17505758521386,39.459144386668115
5404943,-80.1618024648673,39.458949728031364
540933,-79.66755143811744,39.05096817086662
540931,-79.57274654040484,39.0793084059388
540932,-79.61401921897988,39.10795722138006
5409316,-79.51785991353505,39.15602694456084
5409314,-79.55377178348473,39.01302629410198
5409324,-79.62857488456095,39.19667279302745
5409310,-79.75338841181558,39.20727152201723
5409312,-79.3936482830861,39.14713278557734
5404957,-80.2204471186924,39.46170743614301
5404950,-80.27983319926376,39.46816659277205
5404951,-80.27102596073294,39.47755785867452
5404959,-80.32546500376037,39.470094547477345
5404961,-80.30449841378574,39.53247966858093
5404953,-80.25980555231872,39.51745986212656
5404955,-80.2550982242819,39.485819526881286
5404958,-80.25272539009954,39.546824036030735
5404962,-80.28540206756419,39.55944736091476
5404989,-80.25263209169248,39.59555111276453
5409315,-79.4259350136176,39.040325085246344
540934,-79.74347536741762,39.06209268884678
540935,-79.75387776873272,39.13121745851847
5404966,-80.35081617484622,39.530961857373256
5404978,-80.33621049180371,39.52225767847602
5404974,-80.38527832718813,39.596475642305165
5404967,-80.34655767966161,39.526947310944884
5404972,-80.4236790802676,39.53783934844487
5404968,-80.34123530768782,39.53114978524708
5404969,-80.32985025255508,39.52175210694278
5404992,-80.11959476282883,39.55478420496151
5404983,-80.09325231192673,39.53896300936117
5404986,-80.17784863276476,39.558783638720186
5404987,-80.24682659151264,39.5924762743575
5404939,-80.14848658715583,39.410452643853425
5404938,-80.18337691531507,39.412321448609205
540216,-80.96860488624107,38.777256326837914
540211,-80.92121940016715,38.85171192750053
5402112,-80.92743502949614,38.944257126308614
540215,-80.83227274873911,38.86588400222999
5402113,-80.96439956938957,38.99794889451693
5402131,-80.84047230298216,39.03377374658245
5402124,-80.79660357243648,38.96005754413206
54049119,-80.17109959997578,39.44690595168023
54049111,-80.1383012898188,39.461246865057454
5402116,-80.8344707618629,38.94002642007275
5402120,-80.79299500561292,38.90913649393385
5402118,-80.73585702705047,38.87939664302024
5402117,-80.69857705240676,38.93273120168964
5402127,-80.75498112884833,39.04003153153087
5404916,-80.1513189236828,39.47925717226674
540491,-80.14429396923586,39.479278870915536
540492,-80.14850448042058,39.49188378454438
540497,-80.13174708721438,39.49093715675406
5404913,-80.15287518843415,39.470063277165856
5404998,-80.1205357543704,39.48396801161129
54049100,-80.12015282432493,39.47837850965422
54049120,-80.11566817625234,39.49125226846756
54049112,-80.09228718392289,39.46048420334416
5404996,-80.1316625378031,39.47570393418519
54049101,-80.12567288233568,39.481482999466614
54049102,-80.13523516680756,39.48169598183098
54049104,-80.1377161594737,39.47753051705091
54049114,-80.12065095969972,39.43338634704152
54049113,-80.12337247313252,39.46194483480284
54049121,-80.10934166722978,39.499872940899316
54049123,-80.07491981555197,39.48265267619126
54049118,-80.13102902073612,39.470154148608124
54049115,-80.07040889942853,39.4170032582405
5404940,-80.1634534320115,39.427737533888084
54049125,-80.01097993881824,39.45479937659997
54049117,-80.15833033157192,39.438954732789355
54049116,-80.15077751983347,39.45193816182046
540495,-80.13246691956199,39.49989112026484
54049122,-80.09990340218026,39.518101055802255
54049124,-80.05911794570876,39.508024966384674
540496,-80.13950308129544,39.50641254962703
5404982,-80.13762667861381,39.52774979317843
5404932,-80.16810951698565,39.4690159628305
5404935,-80.16699543644255,39.47407448628427
5404930,-80.1618180746581,39.47820123550986
540732,-81.26339195798982,39.3786583869858
540731,-81.29799163655193,39.336979559948524
540733,-81.245422633955,39.321824791779726
540739,-81.20500655429441,39.38944647092236
5407311,-81.21883790043475,39.3715821929818
540735,-81.11316945041979,39.342956505085255
5407310,-81.17439793972814,39.3934751944444
540738,-81.18747195866888,39.339393097227905
540736,-81.13816031214047,39.42653904178893
540734,-81.07110912380065,39.378932933455744
540737,-81.05467135816441,39.43205425136028
5404918,-80.15926483947987,39.48300337849221
5404920,-80.15523407053222,39.48709838388973
5404934,-80.16666162880293,39.485769927368835
5404927,-80.15801237919563,39.50045934448094
5404931,-80.19716358183274,39.47915804417768
5404933,-80.19949808327586,39.50374957636237
5404928,-80.17238509214843,39.50040014922228
5404929,-80.17142681992014,39.525850605633714
5404956,-80.22451876643387,39.53481550931741
5404990,-80.19665382535763,39.5784787074747
5404988,-80.15578695374444,39.57646765059577
5404970,-80.41021340278824,39.47459972773851
5403337,-80.36060661332631,39.27165159774907
5403328,-80.35067046486868,39.273712625847516
5403338,-80.32475861016967,39.266347943152084
5403333,-80.35489637202672,39.27878329475156
5403374,-80.34507097423926,39.2834136711276
540336,-80.31974164949834,39.261640502554116
5403334,-80.36278579996105,39.27955889418064
5403383,-80.35443992490418,39.28705441001288
540334,-80.3098547312169,39.248839714325115
5403343,-80.22859708392703,39.38917853845933
5403344,-80.26708201909408,39.38969821192934
5403350,-80.29012466199072,39.39891583953956
5403349,-80.26535189043236,39.41767776418959
5403346,-80.32395338160713,39.36259378168837
5403352,-80.30522223196755,39.384626504333525
5403396,-80.3483282654003,39.37416211588545
5403392,-80.39349616372938,39.38549849093486
5403398,-80.37328463275847,39.426313207132445
5403362,-80.3644977803155,39.318855117208926
5403348,-80.28990091301965,39.41759652048092
5403382,-80.36035273473473,39.292618865022796
540331,-80.40042982016699,39.2635670642265
54033145,-80.43472174982794,39.24954652515851
5403359,-80.4338882851989,39.29611634695724
5403361,-80.39253562064548,39.30822279888323
5403370,-80.34005357769608,39.2874855178057
5403351,-80.29422493679861,39.39307794811319
5403378,-80.3478453724047,39.291787300506236
5403379,-80.34679767768043,39.29576573534115
540339,-80.31873036263846,39.269606259179064
5403336A,-80.37736207875167,39.26975257286347
54033121,-80.28815579791895,39.26630409177095
5403310,-80.30474096791136,39.26799332025601
540335,-80.30260929716407,39.24984794993229
5403353,-80.30449663802328,39.39828268829584
54033120,-80.23569529481559,39.23883000408856
5403380,-80.35256712677271,39.297259077564384
54033102,-80.27384854143719,39.20935749876045
54033126,-80.2679698584072,39.28452203391003
54033123,-80.24416045138135,39.27486638904554
54033122,-80.20318511604505,39.25189522868677
54033102A,-80.31414434477755,39.204502918714134
54033103,-80.25948524884893,39.17879661192796
54033106,-80.34980990470989,39.20727272545994
540333,-80.3271202137828,39.234390504888246
54033104,-80.27703480570332,39.13077209751971
54033108,-80.36218987782857,39.150051047148594
54033107,-80.3484608268076,39.16275163648787
54033144A,-80.38972032246481,39.223038588509645
540332,-80.35465126486321,39.25187842808172
54033110,-80.4000693414221,39.17970583073967
54033143A,-80.49946446931122,39.16773292359547
54033143,-80.45716567495897,39.20403552829773
54033135,-80.50718737565876,39.32926894255349
54033114,-80.4555737354774,39.35360616139944
54033118,-80.51218236679463,39.412002665572096
5403395,-80.44034677084413,39.393714006818406
5403368,-80.32730900392512,39.28150801956516
5403366,-80.30057018311464,39.28801486789099
54033128,-80.21737220095753,39.28270883368519
54033124,-80.22687700645359,39.2986764635825
54033125,-80.25335031988801,39.29062501174665
54033129C,-80.25015788245074,39.324066654844444
54033137,-80.56352680724723,39.28651982265917
54033129A,-80.26724004728818,39.29866759523874
54033129,-80.25992310745562,39.29493014989663
54033129B,-80.27034816430802,39.30785657255069
5403387,-80.31469974465956,39.30347737419675
5403363,-80.31411780903944,39.33300803448778
5403345,-80.25007798258383,39.357950897456995
5403314,-80.32944310740412,39.272988290135764
5403313,-80.32258783943091,39.27398364005894
5403316,-80.33395007605134,39.26936890884755
54033133,-80.51638266560805,39.266232228440664
54033130,-80.56219890945239,39.28341248332013
54033132,-80.55251569958834,39.28441752311777
54033136,-80.57003146634646,39.28479006044686
54033134,-80.48572460930228,39.24449983036051
54033144,-80.40338003448592,39.20444450356961
5403329,-80.34397964872922,39.26261873021684
5403322,-80.33875102963755,39.27548346264746
5403319,-80.33130523131588,39.27747700349692
5410737A,-81.51379303054034,39.271528409189045
5410731,-81.54362285711844,39.285378251757336
5410732,-81.53447424157606,39.27975903439996
540516,-80.75182031438561,39.92650200097373
540519,-80.74336523377386,39.93165368576719
5405110,-80.73184903557205,39.93222845902779
5406126,-79.96877441949901,39.65399053634784
5406123,-79.96714790427207,39.660801378439736
5406136A,-79.96074466209662,39.660836547248955
5406139,-79.96900389486878,39.670377406148894
5406186,-79.95298576244666,39.664846656296945
5410737C,-81.51243305621391,39.279481841859685
5410733,-81.55402722837574,39.28706731032889
5410734A,-81.54225201480216,39.2984307977386
5405117A,-80.70441664711295,39.93076731239823
5405117,-80.7274776861709,39.928229396928494
540517,-80.73464111435794,39.92540116247339
5405116,-80.72826411808968,39.924727333035676
5405118,-80.72100287016643,39.91879226100626
5405129,-80.65711195055181,39.97657112766166
5405112,-80.669706030876,39.93126488611369
5406124,-79.97297011687994,39.66404649672726
5406190,-79.97585523101692,39.65793715977458
5406127,-79.97922995468669,39.66384781577685
5406176,-79.9785099255489,39.67230862980202
5406125,-79.98480892124005,39.66173630648182
5410735,-81.53681476400173,39.29019173735078
5410736,-81.5285322237136,39.29140967238564
5410740A,-81.53864844304087,39.3053777186364
5405135,-80.60993987936153,39.91962935494188
5405160,-80.63402137030234,39.85300576849324
5405115A,-80.692473250862,39.90264210792893
540519A,-80.7312162815801,39.95175506761322
5405113,-80.75144790557654,39.947260708599885
5405114,-80.75861710146839,39.94636754023814
5405145,-80.7075515062889,39.873687074165225
5405134,-80.70329697245245,40.012622293474905
5405119,-80.70999697485948,40.00073408008486
5405124,-80.70934910395759,39.97905749154414
5406129,-79.98737075701736,39.65537801508429
5406172,-79.98389204884991,39.6393914016209
5410741,-81.55027236969097,39.305836332477554
5410737,-81.52143298063596,39.286608110189675
5410736B,-81.52021928179443,39.293439422504655
5410740,-81.50306736772137,39.28741145226929
5405125,-80.73535965156671,40.00400281795095
5405123,-80.73613209814647,40.01708036503781
5405120,-80.72970967163512,40.02462808133855
5406174,-79.9962962285907,39.646262118205165
5406130,-79.91795031191164,39.633224814094774
5406138,-79.89782858000575,39.61816176618554
540854,-80.96213775230947,39.33070557548878
540853,-80.93665569449733,39.2732592936453
540851,-81.04579113738193,39.2776341750772
5408510,-81.02156603964818,39.16990099382717
5408512,-81.0510614236139,39.211856507851415
540855,-81.14367296793195,39.21476583743615
5410736C,-81.51326946631285,39.29036847774767
5410753,-81.43124252209333,39.29399840539464
5410738,-81.51129340160838,39.2565570574273
5410757,-81.48817478692013,39.23144306187341
5410757A,-81.48402020785429,39.21412307233349
5410789,-81.51828090336662,39.17649899449011
5410749A,-81.51609373332272,39.31673207637032
5410749,-81.4668884267625,39.334961216552074
5410747,-81.52572131557473,39.34418309979549
5405121,-80.71646664534798,40.02670437012308
5405130,-80.73398277989712,39.98127962184502
5405126,-80.73270098320597,39.99226128738843
540618,-79.94110082538043,39.621887068118674
5406188,-79.94222920118568,39.656163018630686
5406180,-79.90777722986083,39.65551348418968
5406137,-79.88905899472743,39.56565331388524
5406133,-79.91283856551578,39.600601660960756
5406134,-79.85953508023428,39.59017208859507
5406177,-79.84727621370934,39.630923475374665
5408511,-80.92985549507992,39.17618750689391
5408513,-80.89211841500544,39.09444825383104
540859,-81.05040387854788,39.11739547462669
540858,-81.11256881603553,39.06729158916316
540852,-80.95185066655245,39.30303970493948
5410742A,-81.5397777512606,39.31473476295161
5410743A,-81.53875540573569,39.31982466249653
5405128,-80.73338610945372,39.988326238015446
5405138,-80.57079646761352,39.9888086817375
5405133,-80.67483084772186,40.012917966652026
5405139,-80.63068279944245,40.015738135830176
5405161,-80.55277594560843,39.8565711840149
5405136,-80.54636103168023,39.915270488264646
5405152,-80.79362270027936,39.77315761442407
5405140,-80.65446125329963,39.76079648345924
5405141,-80.69010738112233,39.8080869690793
5405148,-80.55679016294434,39.76625107148551
5405143,-80.74765462599107,39.85775406282837
5405146,-80.78313431578721,39.8780594199563
5405156,-80.5691753696467,39.827925070318386
5405158,-80.56692775923517,39.825965594671366
5406185,-79.94342360101756,39.6005102408612
540614,-79.95228743985909,39.61871290234458
5406136B,-79.95038492956265,39.65846162099871
5406163,-79.9004227211794,39.54585835972929
5406151,-80.21350881624944,39.701933886559154
5406140,-80.29900721868162,39.698389948267234
5406141,-80.27881517108302,39.646471634422
5406142,-80.35977375674808,39.66934660919271
5406153,-80.23133861252059,39.65568514005631
5406149,-79.96388960248872,39.70275423180892
5406144,-80.02490451214283,39.70653331920993
5410742,-81.54879192778625,39.31605039824983
5410754A,-81.40573744227999,39.353118705552816
5410744A,-81.549357495082,39.33079722885517
5410744,-81.52638011028037,39.32434528870778
5410745,-81.54216767449817,39.329516563273884
5410745A,-81.5429785521247,39.33376755297564
5406148,-79.99862532415662,39.669314946913715
5406146,-80.02065169565068,39.6779877984219
5406147,-80.05592347348225,39.676458156980374
5406155,-80.10973177280722,39.68296130953791
5406158,-80.06624873680106,39.644965887248475
5406168,-80.0286307505826,39.62342922071182
5406191,-79.95091764214378,39.67824480864677
5406181,-79.89414544388707,39.70450276217745
5406152,-80.1625323608104,39.69800990650241
5406154,-80.18299084426079,39.64614413352239
5406167,-80.10385105192952,39.596315067683435
5406156,-80.1461637137742,39.6329612638618
5410746A,-81.53687890463074,39.336307131788224
5410746,-81.54079733887403,39.3445287394816
5410746B,-81.52813466815604,39.340714758757905
5410748,-81.4875028331521,39.36340054950806
5410750,-81.44082266586317,39.38133949658775
5410754,-81.3776222403119,39.31387221874914
540611,-79.96369267842546,39.61261317036438
5406171,-79.97863571415088,39.61175357683969
5406110,-79.95620205410967,39.629610950049305
5406162,-79.93875919199952,39.48763090041722
5406159,-80.02227426240145,39.53244711017724
5406164,-80.0430953091739,39.58425301543498
5406160,-79.98764876174609,39.57064774994755
5406169,-80.00843776626776,39.59720662659899
5406161,-79.9420670070249,39.54766982925965
5406175,-79.96905048100567,39.63643990187569
5406192,-79.97577064031707,39.636308293574956
540857,-81.23253620918695,39.16191634777748
540856,-81.17543102335561,39.273923115290756
5410751,-81.45778674892084,39.40128677857032
5410753A,-81.47079317589964,39.30349529677102
5410752,-81.44519517411774,39.39938614083104
5410761,-81.32854380766724,39.25950051979283
5410756,-81.42572993558501,39.24370358800629
540613,-79.95955787385192,39.62169871050335
540612,-79.95960637909879,39.6164449601081
5406173,-79.98605638241004,39.63228659688985
5406178,-79.87303068051531,39.6610246068916
5406179,-79.82893572655833,39.664197658439335
5406183,-79.89297551873956,39.674785687902805
5406182,-79.79938009811039,39.69594705105549
5406184,-79.93224608829554,39.67074491595121
5410756A,-81.46659770393319,39.26407496582119
5410760,-81.36362010920288,39.19503471387032
5410758,-81.42887397279735,39.173130968540974
5410786,-81.47944962706988,39.18288834011503
5410779,-81.56764149476227,39.169826461072695
5410787,-81.49986749475335,39.13788320105038
5410781,-81.64690176903842,39.14517075153172
5410782,-81.70819406237248,39.13661317274045
5410763,-81.61460346098039,39.26182850969858
5410763A,-81.62703742815866,39.26309493386194
5410763B,-81.63095321024186,39.25453944256405
5406113,-79.94560749736866,39.63054292590294
540619,-79.9407844740181,39.62569520179204
540617,-79.94968776335405,39.62671564169114
5410788,-81.50837180717149,39.18337348148199
5410767A,-81.65645587013009,39.22340892548019
5410764,-81.58484878071849,39.25852794348243
5410766,-81.57010928842094,39.25327802729608
5410778A,-81.57833159221408,39.21673229918265
5410767,-81.61758598952623,39.20726023882563
5410769,-81.55618007834273,39.25144283892514
5410774B,-81.5610824110391,39.23928664643827
540616,-79.95315003675165,39.62678379720742
540615,-79.95554284830672,39.62382361803045
5406170,-79.96514540597141,39.63565546883438
5405713,-78.76979218315891,39.6424107571744
5405714,-78.77341451012641,39.64413027539074
5405731,-78.79882297861315,39.59608786512089
5410771,-81.54385786084329,39.25385578966611
5410774,-81.5465294124811,39.246481952146844
540911,-80.1769872632333,39.34250620975805
540912,-80.09623936728377,39.35703243949356
540913,-80.14084806685194,39.37533175645005
540914,-80.06611909040619,39.32117125215699
5406120,-79.96013626144858,39.64025759736238
5406118,-79.95599510890153,39.63769988566538
5406112,-79.94659757963012,39.63763695103477
5405712,-78.77932807380814,39.61770416940473
5405710,-78.81990374684034,39.5423620360213
540575,-78.85082240831852,39.49435587591773
5405726,-78.96479481327019,39.42605815527928
5405716,-78.97789195811279,39.445289702215774
5410762A,-81.67662058251793,39.233973627397404
5410771U,-81.52694094663926,39.245515550179505
5410774A,-81.5484539187904,39.238647748610994
5410775,-81.53780716406251,39.24209926847139
5410777,-81.52796323618976,39.226323231023585
5410778,-81.54928836824588,39.21654562188923
5409114,-80.03545405645188,39.34662579391242
540916,-80.0314421964135,39.27571361436243
5409129,-80.03335034513111,39.33773479209899
540919,-80.02920957598845,39.37515050041944
5409117,-80.09411584262065,39.27723814757546
5406117,-79.95214676694391,39.641358588538424
5406132,-79.92031690154037,39.63881041355718
5406115,-79.9415869109087,39.631771379395964
5406131,-79.93228586162148,39.632519445389555
5405717,-78.97333441297982,39.43925494752629
5405718,-78.9780097195388,39.43467717247851
5405721,-78.98086575739838,39.439890096537134
541071,-81.56062860790209,39.27149370920079
541078,-81.55312140206196,39.269020823498835
5410710,-81.5488102900562,39.267043520170326
5410717,-81.54388968954326,39.270835847056794
5410774C,-81.5492783701664,39.231874414209386
5410785,-81.55814165716761,39.09523700155902
5410784,-81.61861530330656,39.06810481575884
5409112,-79.99651476884874,39.34684745668488
5409110,-79.95529226492917,39.4006757538936
5409111,-79.92058161180083,39.35861846639928
5409119,-80.155525504927,39.277643479713475
5406114,-79.94525142821809,39.63224032104782
5406116,-79.95329215339937,39.64766408441249
5406121,-79.96821114276956,39.646555465190346
5405722,-78.98299765757376,39.44206119520173
5405723,-79.01012994122861,39.44893752289601
5405720,-78.9911122348242,39.43719650475532
5405725,-79.01899907046898,39.42256858538931
5410713,-81.54283464775288,39.26205538204376
5410719,-81.5315486417422,39.26958869261057
5409123,-80.02304353119,39.34223998240276
5409125,-80.01109604608789,39.343352678553515
5406122,-79.95939912779231,39.65522265868794
5406187,-79.94896674113502,39.651162649423895
5405724,-78.99048088977129,39.431313777169905
5405719,-78.98297612633112,39.43500503754551
5405729,-79.04654324014885,39.47781088038627
5410727,-81.52403279218554,39.2664837382289
5410716,-81.54969814050864,39.272782709199625
5410723,-81.54735855711489,39.275567879657636
5409126,-80.00871318434871,39.33286705914599
5409136,-79.96748615746647,39.30725369757763
5409131,-80.0283453389703,39.33084616701135
540514,-80.73913998914664,39.92001655695544
540511,-80.74386647440423,39.91761282328638
5405111,-80.72780212025138,39.92138993051103
5405144,-80.74352076551929,39.91170256755942
5406135,-79.93984740308126,39.61492150850499
5406128,-79.97918708566746,39.648096435067316
5405730,-79.0425887568011,39.45758801836837
5405733,-79.06403256654377,39.44746979077095
540573,-79.0921019356991,39.425987643038
540578,-79.13595154877079,39.378923085622894
540576,-79.1932952379247,39.34035990869136
5405728,-79.06980588929483,39.3345195058557
5405735,-79.01743648246583,39.316179370770804
540572,-78.92451830716927,39.40861558078986
5405734,-78.96494649128424,39.29924577200732
540571,-78.8735852502022,39.38029703933237
540577,-78.78400675385187,39.466706829910144
540579,-78.72205482940201,39.51994855181357
5405715,-78.7556852031852,39.58826163123188
5405711,-78.76501686381684,39.560720415073966
5405727,-79.03732116781002,39.390649945924665
540574,-78.90857438225767,39.44995079608648
5405732,-78.78199540080881,39.54025154016548
5410724,-81.53646674040705,39.27318698058535
5410729,-81.54302090914706,39.27798104170706
5410737B,-81.52478856469452,39.27936343291389
5410737D,-81.51996673693195,39.27446811077631