550690043,-89.56894032785928,45.2572690046611
550690044,-89.49887087427645,45.249010644117924
550690045,-89.52161417055349,45.15297768082063
550670001,-89.36283226096289,45.42466255055361
550690001,-89.98126779654852,45.51127661168744
550670002,-89.24531797419299,45.425918469165445
550670003,-89.13509754007546,45.41890051993889
550670004,-89.06936174549992,45.43161934566202
550670005,-89.3634194815409,45.33612442032171
550690002,-89.85778526016152,45.51138275749549
550690003,-89.92528351354723,45.41723935752121
550690004,-89.89258158974859,45.455949138725295
550690005,-89.7623565962747,45.44844276826664
550690006,-89.74147579049648,45.53107342194403
550690007,-89.69353012439358,45.518877084608256
550690008,-89.6928291429299,45.425542737518626
550670006,-89.17617998730333,45.335866435276365
550670007,-88.98732319084476,45.378207605400945
550670008,-89.36434433788045,45.247844482402634
550690009,-89.73043533030784,45.4701391582277
550690010,-89.73271300612207,45.47375254477563
550690011,-89.72674484585143,45.4604450728616
550690012,-89.71299383941806,45.46598655711848
550670009,-89.24144533487994,45.24820052263484
550670010,-89.11454802446613,45.24862127448204
550670011,-88.97492357896714,45.24418274949876
550670012,-89.03107924074301,45.25958045040999
550690013,-89.704904201998,45.47601481828175
550690014,-89.72759945187771,45.485251985480176
550690015,-89.61043733805055,45.511399754866574
550370001,-88.61262564773335,45.94895206564592
550670013,-88.86262723919708,45.28855512383031
550670014,-88.91541354987534,45.355496074387375
550670015,-89.3023167225733,45.16138014618573
550670017,-89.10520621368066,45.168560396691184
550690016,-89.61042125121409,45.42368305989116
550690017,-89.48341272556624,45.4337488207032
550690018,-89.45388712604337,45.39687115315536
550690019,-89.51722744430045,45.48859741849731
550690020,-89.45609156385618,45.51726433282006
550690021,-89.9513008668947,45.228198063919834
550690022,-89.85746030789873,45.29341221896478
550370002,-88.61383413510214,45.85270028114836
550370003,-88.52085395649252,45.76604361478809
550370004,-88.36450281625216,45.85153077663749
550670018,-89.16645235201494,45.15355584067613
550670019,-89.14578681675822,45.15747452920611
550670020,-89.15961487002077,45.14461956481275
550690023,-89.73466674075087,45.3079006501951
550690024,-89.76943596321061,45.3501737982379
550690025,-89.60657224530867,45.32000033941549
550370005,-88.27184226496605,45.763559338759684
550370006,-88.08548296369179,45.773782370179504
550370007,-88.1192568633311,45.742446062509146
550370008,-88.15253850213469,45.80196888547517
550370009,-88.24698254766915,45.8941915204319
550370010,-88.2151202923183,45.8478417911263
550370011,-88.27392872603964,45.83801629702733
550670021,-89.1429690376198,45.144402267602196
550670022,-89.15925396270251,45.13799717378194
550670023,-89.14799980796556,45.137472345220694
550670024,-89.17102136203859,45.133243480629034
550690026,-89.61551920133562,45.35894244401494
550690027,-89.48648280631271,45.33696760832073
550370012,-88.246471659218,45.91948528525352
550370013,-88.14152285428138,45.903643578870955
550370014,-88.19791393401806,45.93074712037605
550370015,-88.39822863947933,45.87346041373035
550370016,-88.44494284356881,45.917861755815316
550370017,-88.13132571560158,45.86262844840241
550370018,-88.21627012232493,45.903744200656135
550670025,-89.1360097995068,45.12950186160858
550670026,-89.15120631526933,45.11469839341542
550670027,-89.14009469198972,45.129000386536774
550690028,-89.76491070730731,45.16439334698764
550690029,-89.67740254082648,45.142456421597686
550670028,-88.9862644901972,45.16537190539203
550670029,-89.02528727113912,45.12803142323624
550670030,-88.86708833881247,45.161075647519944
550670031,-88.72131755906574,45.16617741076175
550670032,-88.74140371762087,45.297894044006775
550670033,-88.77021163341998,45.16162466487995
550690030,-89.6403886883145,45.22174034067073
550690031,-89.73644135500544,45.21543144721029
550670034,-89.15481142602857,45.10624143241161
550670035,-89.16650346706669,45.06294044375588
550690032,-89.66156576236763,45.20168157921909
550690033,-89.6618505044414,45.26474834546997
550670036,-89.03747607487402,45.077574795078355
550670037,-89.08150186632956,45.04237269652118
550670038,-88.64007538387645,45.14188808805685
550690034,-89.79062452945384,45.227012160909645
550690035,-89.67153432700134,45.18720793200647
550690036,-89.6871775805484,45.18804229451332
550690037,-89.69990219434202,45.17864252832127
550690046,-89.64182034329806,45.152729620449435
550690047,-89.55479430061294,45.19164363066677
550690038,-89.70270315360929,45.18787107491364
550690039,-89.71807105657957,45.19197041564483
550690040,-89.73255085644116,45.17719089478286
550690041,-89.68694361231599,45.17065985771194
550690042,-89.66606050584444,45.180490263657454
550310013,-92.07706335073898,46.694464570689014
550310014,-92.05784228404166,46.69914351483958
550310015,-92.05799257726693,46.7062434089277
550310016,-92.0574374001409,46.71434288122519
550310018,-92.07090780553278,46.70981263565736
550310019,-92.0795604239071,46.709736324735545
550310052,-92.18818540354613,46.64914876865795
550310053,-92.10835445727146,46.65317546797916
550310054,-91.9604631679179,46.635105076762876
550310055,-92.00880270520771,46.611161935498366
550310056,-91.82614075884472,46.660799686171
550310057,-91.8338396078199,46.598981978945446
550310058,-91.88969314150167,46.57613182801223
550810073,-90.37405458202899,44.114670932065465
550810075,-90.37343277829233,44.00555327885021
550190008,-90.56250104443878,44.94924005215298
550190009,-90.57883419014797,44.948886859718485
550190010,-90.59877307064703,44.95083383455298
550190011,-90.60932251054157,44.98835937321302
550190012,-90.66597136098477,44.99714308269576
550190067,-90.58900392971434,44.46579184531636
550190068,-90.51042952877577,44.50233539662721
550190069,-90.49567874733339,44.46100355090951
550310059,-91.78359033154787,46.58282365207987
550310060,-91.63587633352165,46.70058999781329
550310061,-91.69917183502842,46.58884423033843
550310062,-91.7014442874172,46.646666950552785
550310063,-91.60661267406357,46.58153369748902
550310064,-92.1070828217269,46.41847749930108
550310065,-92.22926658825286,46.42980359245202
550310066,-92.1715133274847,46.24466119481337
550310067,-91.98721266864109,46.54295482197897
550810076,-90.38619250678754,44.02810426964582
550190013,-90.73876222490239,44.98838330960722
550190014,-90.86290690782648,44.98890036596909
550190015,-90.79523924101352,44.96450129545654
550190016,-90.79618220312187,44.9600934970388
550190017,-90.79532199634589,44.955013355360755
550190070,-90.37581340082868,44.46731694586845
550190071,-90.38612640189338,44.58543678825555
550310068,-91.99276340655084,46.46641892784616
550310069,-91.88467603720136,46.50821335400313
550310070,-91.78937434925922,46.513584547531465
550310071,-91.69987965554769,46.498564297310075
550310072,-91.69907971732417,46.53037384079963
550310073,-91.82904352896323,46.441005266084694
550310074,-91.62173095035598,46.41966973027396
550310075,-91.82124504468742,46.36376319779297
550310076,-91.82068277805747,46.34936643028288
550310077,-91.8276526658351,46.29813355357792
550310078,-91.80074688461772,46.2005275456173
550190018,-90.80504613297165,44.95288263071597
550190019,-90.81077407348607,44.96091694311034
550190020,-90.80713955980667,44.96757373240976
550190021,-90.86839560466015,44.89712192109072
550190022,-90.81886793063691,44.92571799249848
550190023,-90.73682520404854,44.897585991928906
550190072,-90.37258861810889,44.544008667285375
550190073,-90.46139824655491,44.58841947111743
550190024,-90.77013510808486,44.937162011717575
550190025,-90.63866972699714,44.900701686614134
550190074,-90.4875261007478,44.54466011948247
550190075,-90.52741159190533,44.57458828658984
550190026,-90.57785508687243,44.899768645784455
550190027,-90.49586595467683,44.90047146131427
550190029,-90.32435028587706,44.953199063094495
550190030,-90.33099903465572,44.948655818470456
550190031,-90.32453940284176,44.9429198009476
550190076,-90.59477354767962,44.56730196968487
550190077,-90.58571029015035,44.563431837632756
550190078,-90.60663202960994,44.55681141551623
550190079,-90.59794988850746,44.556306120432936
550810044,-90.494418024398,44.1166001072182
550190034,-90.32075813010236,44.90477156896495
550190035,-90.31523117408419,44.90087759462939
550190036,-90.31957469706373,44.85191772041643
550190037,-90.37632750100134,44.81446743176495
550190038,-90.46341787662952,44.83081050773857
550190080,-90.5832454184231,44.5537043170981
550190081,-90.61929520425419,44.579644329084644
550190082,-90.62295984905074,44.533496660118985
550310001,-92.149359116941,46.67144517293707
550310002,-92.13025259127049,46.68722169729839
550310003,-92.10096503451535,46.698862891639955
550310004,-92.10139546804226,46.67947227095898
550310005,-92.08257619572734,46.66761923579701
550310020,-92.0643456837614,46.7150359415776
550310021,-92.07439034072134,46.72025825351655
550310022,-92.081452525726,46.71652800572397
550310023,-92.08536086820276,46.71008087897267
550310024,-92.0856207708624,46.72240027523162
550310025,-92.09201723349715,46.722019378000034
550310026,-92.09989120935366,46.723990760311914
550310027,-92.10263656252866,46.72041727634427
550310028,-92.1014338528928,46.71720223079727
550810045,-90.50186001393989,44.12927352501437
550810046,-90.53400613359005,44.02966190311196
550810047,-90.47242655572983,44.03507487885491
550810048,-90.43994747672384,44.035648863451115
550190039,-90.51014402288584,44.80634827309184
550190040,-90.62044046771712,44.816163989751004
550190041,-90.57646885133805,44.777413434919815
550190042,-90.5701537784056,44.761220180496615
550190043,-90.59048509703274,44.764857523359495
550190044,-90.60698973695632,44.765977063361724
550190045,-90.73967752615984,44.814050262476826
550310008,-92.06640833032718,46.67976969265582
550310007,-92.04453394116209,46.68743635322935
550310006,-91.99240911889073,46.67365724655363
550310009,-92.09327949647196,46.69130499331025
550310010,-92.10124391758656,46.706491696149925
550310011,-92.10127213269597,46.712280503507394
550310012,-92.09362484055569,46.7094307145093
550310029,-92.10066032654713,46.714976384078945
550310030,-92.09073439651351,46.71678640443333
550310031,-92.0927501568494,46.71356843412638
550310032,-92.105459876553,46.716445494263674
550310033,-92.10548334597063,46.71259913136504
550310034,-92.10477651760307,46.70778777084965
550310035,-92.11467935505479,46.711371981995335
550310036,-92.11484463620211,46.717596514561066
550310037,-92.12200484138287,46.724306596176355
550310038,-92.12837350733516,46.71834576255506
550310039,-92.12535915580351,46.713670227742384
550190046,-90.86120801816975,44.81394279710682
550190047,-90.86131520170294,44.68319785573972
550190048,-90.74005771011122,44.7273697840794
550310040,-92.11958887914155,46.70849519300973
550310041,-92.13789478990913,46.710747329488946
550310042,-92.1323386847042,46.699902747257475
550310043,-92.15285442184873,46.697618634889345
550310044,-92.1110979133583,46.73360264340453
550310045,-92.08779742804249,46.73420931709353
550310046,-92.08068644918161,46.72592800281374
550310047,-92.0911864816198,46.725975074462134
550310048,-91.76444812126434,46.76289443193866
550310049,-92.09674621143174,46.60909603152735
550310050,-92.10330316592959,46.54419862067862
550310051,-92.20583091861096,46.597556925748634
550190049,-90.62186396925192,44.72308449027987
550190050,-90.48878921791552,44.745956776548994
550190051,-90.50480165665569,44.704449750912296
550190052,-90.49552270052453,44.74017545868326
550190054,-90.50101818104402,44.731025586333764
550190055,-90.49133568602677,44.73063232886764
550190053,-90.37590330382133,44.72763261598576
550190056,-90.37021883789559,44.66551498275602
550570001,-90.25207979037872,44.180037778641825
550190057,-90.38037459221039,44.62316680904432
550190058,-90.49675047756216,44.63995402173444
550570002,-90.13218887578054,44.20179658865263
550570003,-90.01163154902851,44.17472413296091
550570004,-90.2520439168954,44.04628230276237
550570005,-90.15233997846622,44.048892786712166
550570006,-90.08600130220483,44.06966737566284
550190059,-90.60852666245567,44.64006748552898
550190060,-90.66964475952769,44.64002141841886
550570007,-90.04062410490273,43.99462271713142
550570008,-90.07168263092348,44.02325251175721
550570009,-90.0119517730574,43.94770085159109
550190061,-90.74049703016861,44.64004511791009
550190062,-90.86185765812772,44.553030030925534
550570011,-90.13751341418421,43.94439201454842
550190001,-90.3645597927646,45.013921364409775
550190063,-90.7497557167889,44.572113295097665
550190064,-90.73141165322654,44.533425096704335
550810074,-90.3735769299586,44.04989446815143
550190002,-90.3324089320962,45.00268775086301
550190003,-90.38429261650616,44.97550272060113
550190004,-90.43476494364465,44.9522498914701
550190005,-90.47127071428118,44.984912549504976
550190006,-90.52981934644437,44.99280449489508
550190007,-90.55357154650434,44.950672535837015
550190065,-90.74114870371137,44.46590891276127
550190066,-90.64988247873428,44.46549789812388
550170004,-91.07952407794046,45.24890804770602
550170005,-90.98726815850293,45.227343725873546
550730004,-90.02066794184812,45.0773121291937
550730005,-89.90436663747694,45.07647152490738
550730053,-89.61222317131998,44.93777370456592
550730054,-89.61488151077648,44.95004542984846
550730055,-89.61873697128722,44.932276149033896
550730056,-89.58831928936249,44.937113983730626
550730057,-89.60608859637478,44.95021835229157
550730110,-89.28422857232287,44.89991043064941
550730111,-89.33745679478443,44.88702885653164
550730113,-90.2566656915647,44.81473629808629
550730163,-89.451038729384,44.73129278234025
550730164,-89.28522701477142,44.7253709709326
550730112,-89.2262636638978,44.92659638553773
550170006,-91.60696481125893,45.15735731533633
550170007,-91.56711137254887,45.19791809138685
550170008,-91.46042862515849,45.16285814603027
550730006,-89.7856696406064,45.07630189646164
550730007,-90.23294874090605,45.00930913183154
550730058,-89.62458422429879,44.956869154195914
550730059,-89.61336518284227,44.95901265739876
550730060,-89.62697758347156,44.9654921221574
550730061,-89.61118524763414,44.968718149330506
550730114,-90.30979437609777,44.85082219663904
550730115,-90.14194224207077,44.816116026618026
550730116,-90.07228322937651,44.80811870258618
550730117,-90.07218719508647,44.79365735822966
550730118,-90.01464953633968,44.785090640999364
550170009,-91.27876181967252,45.1649583538218
550730008,-90.2689251331045,44.979570044457205
550730009,-90.31514086293828,45.00430172129692
550730010,-90.13892361438307,44.98887696013362
550730062,-89.62485262841547,44.97528471376183
550730063,-89.61098438373925,44.97763632488041
550730064,-89.60902351852144,44.98876161981762
550730119,-90.0183686487591,44.83145027049114
550730120,-89.89441794058241,44.812108003375506
550730121,-89.76746541932668,44.79399054688716
550170010,-91.11166337879084,45.15615406837384
550170011,-91.12737564586752,45.17069875066267
550170012,-91.15866269489685,45.17190607746448
550730011,-90.02044978432417,44.98795369446054
550730012,-89.9041465584728,44.988543642208526
550730065,-89.61306591551505,44.9992410531849
550730066,-89.63066300166477,44.98240415520099
550730122,-89.77444506962891,44.837683085830434
550730123,-89.698108828158,44.827308715409075
550730124,-89.70113358059267,44.79659433990783
550170013,-91.16218776056903,45.1591385366032
550170014,-91.1425416722028,45.156106029945974
550170015,-91.59057651011192,45.07199426267068
550170016,-91.43405244922181,45.09845456755027
550730013,-89.8062475123989,44.9884577254435
550730014,-89.74748442895132,45.01003670119038
550730015,-89.73645658920624,44.962974120442546
550730067,-89.65005728588142,44.98724477911092
550730068,-89.6419134315008,44.97085336240047
550730069,-89.65302568472676,44.97670063877078
550730070,-89.68764969929963,44.958917832802186
550730071,-89.71866921011583,44.9611762101117
550730125,-89.71124015472957,44.787097068106505
550730126,-89.7152937269694,44.796064406777006
550730127,-89.72074991895003,44.79246972474596
550730128,-89.72308095839496,44.78674129513173
550170017,-91.5134609278373,45.0721693845057
550170018,-91.45838946672633,45.05667828495593
550730016,-90.25383279878098,44.90111055622773
550730017,-90.30756250263906,44.9397431700258
550730072,-89.70000679357685,44.96788728475124
550730073,-89.662856442692,44.9543034141691
550730074,-89.64014294627222,44.95811795591867
550730075,-89.63435256637153,44.94869946726189
550730076,-89.65795994685799,44.94775187374209
550730129,-89.67677110153933,44.785720362051634
550730130,-89.65304184272543,44.82323857008792
550170019,-91.49864591650945,45.10879781013554
550170020,-91.50298586145209,45.09817914442609
550170021,-91.481739813829,45.095978040330216
550170022,-91.48395656947324,45.107391429195644
550170023,-91.320748982762,45.02033660809912
550170024,-91.35781797790187,44.97719095029717
550730018,-90.31191426391321,44.910014709060576
550730019,-90.13853777947064,44.9020415126514
550730077,-89.6448257416931,44.942604867709875
550730078,-89.6542503825656,44.96119842499549
550730079,-89.64343432191534,44.96380688209677
550730080,-89.6499503901193,44.95563503546435
550730081,-89.53052970683065,44.929297772883736
550730131,-89.63479812661686,44.79161071921715
550730132,-89.5515009079359,44.800826848604245
550170025,-91.3969113946104,45.024544080787635
550170026,-91.31903373829374,45.077954070755126
550170027,-91.2435654667941,45.030648883574564
550170028,-91.31170695624864,44.998231001299665
550170029,-91.27254674539887,44.96584817576691
550730020,-90.02289062218122,44.90202809291417
550730021,-90.01454284583643,44.86578397410116
550730022,-89.96926378562561,44.91985207054795
550730082,-89.60371286350897,44.92041561888858
550730083,-89.61322733281293,44.92678970018624
550730084,-89.61905953939291,44.91242186359847
550730133,-89.6490738855379,44.84827504881327
550730134,-89.61653876705076,44.847462240908435
550730135,-89.54874856681725,44.842755152786346
550730136,-89.62016680792803,44.85442395657532
550030001,-90.38284169203867,46.059095518836685
550030002,-90.49004017875194,46.00807039012127
550170030,-91.15160172075905,45.06742235588622
550170031,-90.99989514984902,45.09319272479764
550730023,-89.95875925393746,44.92499479830192
550730024,-89.90425089407057,44.89993484862911
550730085,-89.6260743887073,44.90659762064127
550730086,-89.52729404312626,44.88088041685358
550730087,-89.57293528200651,44.89546349418892
550730138,-89.62942495486317,44.836552977248886
550730139,-89.36463172929767,44.804801663147046
550730140,-89.43370549906761,44.81713600110923
550730141,-89.28654010208447,44.813826723839796
550730142,-89.24783416232756,44.78393091220595
550030003,-90.50054173834673,46.01551612854521
550030004,-90.70865222935439,46.025027707872525
550030005,-90.49233039865318,46.10968959610763
550030006,-90.5177853669335,46.17352236963536
550030007,-90.76840040069824,46.111564664792475
550030008,-90.73899360686073,46.19826552736425
550170033,-91.50199230039684,45.007347182007
550170034,-91.47253246310791,44.97468840579879
550170035,-91.42184332830143,44.99341771692597
550730025,-89.78181351909737,44.92209291396703
550730026,-89.78611408128083,44.87975541168459
550730027,-89.84258260543983,44.93729912595953
550730088,-89.57128710879078,44.90807647967013
550730089,-89.52966544299312,44.90581115464381
550730090,-89.54199868159324,44.91747149486608
550730143,-90.25557891460494,44.74816772451322
550730144,-90.25786204750281,44.707192537156565
550730145,-90.29019826744546,44.750271682887764
550030009,-90.66846673150452,46.28764775566406
550030010,-90.66073845809265,46.32394324670844
550030011,-90.61543106931694,46.377114873938666
550030012,-90.7332366906744,46.38053786909032
550030013,-90.85949019378802,46.31711431138739
550030014,-90.8759558681253,46.401099340675074
550030015,-90.6684030298305,46.505693808683105
550030016,-90.77073897839252,46.4339756837942
550030017,-90.85890028828719,46.43688315249966
550730028,-89.83723876794782,44.924385869127676
550730029,-89.8466895551453,44.92785633813944
550730030,-89.6644208860169,45.078070167618684
550730091,-89.5735292955587,44.92063317022422
550730092,-89.58773022163588,44.90726419022213
550730093,-89.5872983635901,44.897180189482086
550730094,-89.6007992090679,44.89806481853257
550730095,-89.59985369991426,44.90661611223327
550730146,-90.30669545525645,44.75228225961122
550730147,-90.30147494239864,44.76132550695449
550730148,-90.20882615151791,44.69339961692018
550730149,-90.16705737956227,44.68871522637973
550730150,-90.15439832510314,44.68665365069006
550030018,-90.86519097621493,46.47979525501266
550030019,-90.77824647921051,46.547138411821685
550030020,-90.85792339570536,46.534642664640494
550030021,-90.90533686541596,46.564877185157556
550170040,-91.00930455229671,44.989710284742934
550170042,-90.92830766518574,44.967660366572964
550730031,-89.65476753773846,45.004577819885625
550730032,-89.70178702352136,45.000169313855004
550730033,-89.70980378036022,45.07582563746215
550730034,-89.65676760575593,45.02775380652355
550730035,-89.53693576817682,45.06866206686541
550730096,-89.57457081998909,44.872992007772375
550730097,-89.61610415945609,44.89449049469005
550730098,-89.62948924748709,44.88681831167334
550730151,-90.15214878492698,44.733647290081024
550730152,-90.10962379608704,44.7285359228419
550030022,-90.89639317166979,46.5731129541565
550030023,-90.882365125293,46.57416855082888
550170043,-90.9319868928373,44.96156129429699
550170044,-90.94967020849279,44.96690252897796
550170045,-90.94657786980737,44.95343160204542
550730036,-89.60269850310738,45.075160368344584
550730037,-89.54198125798239,44.97930521569116
550730038,-89.55703342865584,45.01321303489645
550730039,-89.54387952407528,44.953681830750135
550730040,-89.69627463779705,44.93916443869128
550730099,-89.62322614417972,44.883808346117036
550730100,-89.61446932244078,44.88273570797735
550730101,-89.62059005434449,44.86653287092361
550730102,-89.59852444364587,44.88556107012731
550730153,-90.18112275925553,44.72713670412499
550730154,-90.04011082536427,44.747512798525484
550030024,-90.87233871478891,46.57433327786556
550030025,-90.88615862532616,46.58239364890892
550730041,-89.65493935620877,44.93494801834204
550730042,-89.63892222925786,44.90718848625027
550730043,-89.65752111583728,44.878688337579284
550730044,-89.70350925123049,44.88437332149564
550730103,-89.41884324106181,45.07514601757759
550730104,-89.28499652274894,45.074108356663686
550730105,-89.46004609822592,44.988622884183926
550730155,-90.00980698065601,44.716166023425885
550730156,-89.90455848741493,44.728194768593156
550030026,-90.89548333305687,46.586738900247454
550030027,-90.88578380044368,46.58985587645199
550170001,-91.42346945849467,45.24964223668395
550190028,-90.37680460840436,44.90115731194719
550190032,-90.3208084148847,44.918244771817896
550190033,-90.31933275825628,44.912448895483344
550730045,-89.66410912997335,44.90559128056604
550730046,-89.69209854742002,44.91771115944398
550730047,-89.66763314995401,44.928088410343705
550730106,-89.38737958789852,44.986919158750645
550730107,-89.28508634044162,44.98625676456844
550730108,-89.39116018328723,44.90297424972704
550730157,-89.78591091883892,44.72823508738775
550730158,-89.63846250138613,44.732420602374425
550730159,-89.69215714575851,44.729000457684585
550030028,-90.87567519378766,46.58739053852763
550030029,-90.84781704567557,46.584794965081755
550030030,-90.87558799218341,46.59470036884477
550030031,-90.84227894895375,46.60638797509288
550030032,-90.67166661850236,46.6102293932466
550030034,-90.46903627714256,47.02518264775269
550030033,-90.62240962253794,46.92312735477571
550170002,-91.22680014799474,45.246225724327395
550170003,-91.13055334019123,45.24410060171638
550730001,-90.13944540457888,45.0777404564694
550730002,-90.07109987530453,45.033035584706546
550730003,-90.08524370972371,45.03648942057319
550730049,-89.64846133773683,44.922510762263244
550730050,-89.66000197974788,44.89744164033403
550730051,-89.62883408836188,44.93107416271242
550730052,-89.62465189341032,44.93804811046615
550730109,-89.45956578459267,44.897834953285916
550730160,-89.70963821804858,44.70015423960784
550730161,-89.54928754079646,44.72901860601825
550730162,-89.38033664864663,44.72307681363525
550990001,-90.56293122231376,45.89393006393868
550990002,-90.57508939663035,45.953466534844495
550990003,-90.38537028520791,45.946120968284546
550990004,-90.27348132027473,45.93404366554791
551190017,-90.52559070753777,45.16138403660775
551190018,-90.35891634698038,45.1898024835261
551190019,-90.32499394401549,45.15736367175257
551190022,-90.33556135734821,45.149155781500866
550990005,-90.45548740597056,45.945105130463276
550990006,-90.45488043618505,45.93054852104802
550990007,-90.45496890800759,45.91883938450726
550990008,-90.44335950645629,45.92221626422707
551190001,-90.86386824923088,45.33524952535631
551190023,-90.33640483765834,45.13873487854695
551190035,-90.6285902266362,45.07492101314156
551190024,-90.33571891300627,45.12879523775755
551190025,-90.35249936917825,45.127413558643696
550990009,-90.44800207279373,45.921956653181276
550990010,-90.43548868207799,45.946766186609295
550990011,-90.44006831054405,45.93561023561873
550990012,-90.33585108311357,45.8494663616998
550990013,-90.14492506647686,45.89569608323813
550990014,-90.56156149113127,45.78458784853193
550990015,-90.44297655871287,45.70224642337483
551190026,-90.36043471081956,45.13700771799495
551190027,-90.35849236064229,45.14401805609056
551190028,-90.34706144034911,45.14781404322437
551190029,-90.22323204572179,45.167706153559266
550510011,-90.19995285883205,46.45970396476723
550510012,-90.18254219265951,46.454500186630696
550510014,-90.20087259707935,46.440814387049684
550510015,-90.07726969017655,46.29680355114226
550510016,-90.07272682059738,46.20924231765689
550510017,-90.22207676202824,46.144746180213424
550510018,-90.04633780279605,46.17264822898558
550510019,-90.01077468146558,46.1437818162472
550510020,-90.0953154264749,46.03932025540168
550990016,-90.42368422840316,45.68659609958245
550990017,-90.53969986857786,45.68733730051168
550990018,-90.38177803289607,45.64857684547503
550990019,-90.3878910692033,45.76025251603494
550990020,-90.2829512506429,45.71034380608164
550990021,-90.27112294912723,45.77641006130717
550990022,-90.40109352907787,45.6999949779952
551250022,-89.24616053234021,45.922221404500256
551250023,-89.25262542240257,45.91345248017966
551250024,-89.25751861527033,45.91661684207027
551250025,-89.2621925706696,45.93111610021124
550990023,-90.41040083231677,45.69490254020778
550990024,-90.40370501052931,45.685544530504316
550990025,-90.39686808617701,45.68831804830719
551190030,-90.27351553781816,45.13832076352695
551190031,-90.10587513928196,45.16417939937864
551190032,-90.86168437040727,45.07534573599827
550990026,-90.38940519906882,45.684610046956834
550990027,-90.1463267567862,45.7145134739953
551190002,-90.74049043531306,45.33489710203023
551190003,-90.46361319818719,45.334996503008426
551190004,-90.10914207096181,45.31700656467888
551190005,-90.21190954775113,45.34336529887259
551190006,-90.20308360149326,45.319308278645906
550990028,-90.61699775257739,45.6170002811076
550990029,-90.49406041054986,45.59371824633334
550990030,-90.35498663123853,45.588565777376054
550990031,-90.16142540589401,45.62056405645546
550990032,-90.61816327335605,45.463097399425564
550990033,-90.58685001628398,45.53002336813572
550990034,-90.4907520475222,45.480835479188954
550990035,-90.53351384214393,45.537102687622685
550990036,-90.34912730992102,45.455522142284785
551130001,-91.48787152695809,46.09291290940813
551130002,-91.3821160789702,46.1289038276636
551130003,-91.36463530042339,46.074334618847786
551130004,-91.11364369487941,46.11247959347347
551130005,-91.50879293856566,46.02877225925725
551130006,-91.07769545856267,46.02249886088528
551130007,-91.27858427759546,46.04143343540046
551130008,-90.80101400802349,45.896372612815604
551130009,-90.9839936001412,45.93842375758187
551130010,-90.88076749687633,45.74311939189854
551130011,-91.01310002233573,45.82209142720479
551190007,-90.86418767560734,45.24861038481416
551190011,-90.36226787225722,45.24905837428434
551190008,-90.74121055008344,45.24856018344322
551190009,-90.61802258432657,45.20502223605109
551190010,-90.49451669187553,45.247437738360674
551190033,-90.73981262328529,45.07526008928634
551190034,-90.72361892366372,45.07498797425177
551190036,-90.5681746476045,45.07541305974162
551190041,-90.2865777047044,45.11346907638018
551190037,-90.49551762167336,45.074619214593376
550990037,-90.45617759987216,45.40271092345792
550990038,-90.22749615873217,45.53164407916353
550990039,-90.37184443624389,45.53050357798774
551130022,-91.33877835539822,45.938511104554095
551130023,-91.37871333034121,45.921462956182786
551130024,-91.39811569961543,45.95109851410292
551130025,-91.45580916900427,45.94888161507716
551130026,-91.49493621399174,45.9198721045712
551130027,-91.47347970978193,45.82660750192099
551130028,-91.33870217431631,45.8638294692643
551130029,-91.34951670185285,45.78368908242711
551130030,-91.3003689652828,45.79767685978758
551130031,-91.22587968987968,45.82986942479068
551130032,-91.11291091772344,45.83146079676153
551130033,-91.1744250556822,45.74881696612792
551130038,-91.35814119189789,45.681575301709486
551130039,-91.47998901683022,45.70236611459458
551190012,-90.18925886706353,45.244231899456146
551190013,-90.86501381646073,45.1658035345067
551190014,-90.74143261789997,45.15864566954855
551190020,-90.40441181137975,45.14964008189395
551190021,-90.34103865458654,45.143930038910824
551190015,-90.80717600364699,45.166205134965324
551190016,-90.46393966944412,45.16113610115711
551190038,-90.37829241002814,45.05918973753705
551190039,-90.36845356830892,45.10206629070431
551190040,-90.25303015376672,45.07392613075542
551190042,-90.31360424483059,45.076469595217766
550990040,-90.28948345065024,45.54084295364427
550990041,-90.09502665590168,45.550275242999206
550990042,-90.13538642035496,45.510565426276976
551130012,-91.12723017563897,45.940686243914136
551130013,-91.24618064905866,45.92715258571338
551130014,-91.39509407345439,46.02593301280702
551130015,-91.52373932960523,45.99688010818788
551130016,-91.42029635064908,45.99674846397955
551130017,-91.4789057934153,46.02122223537754
551130018,-91.49154519459623,46.018019189052524
551130019,-91.48679258967654,46.00370798526959
551130020,-91.4719195083922,46.00858531533052
551130021,-91.31559021397308,45.96830937605856
551130034,-91.11214345430622,45.68223525967549
551130035,-91.21784540397985,45.768230119043395
551130036,-91.23540612468607,45.68276434370521
551130037,-91.24245109648821,45.66754700502888
550990043,-90.22812907577723,45.42432118097655
550990044,-90.10442196715069,45.43202183811717
550510001,-90.42271595399458,46.50016889386284
550510013,-90.18143412812135,46.444604929535444
550510002,-90.50421085418846,46.472258771198454
550510003,-90.41744161425595,46.691501584813906
550510004,-90.4754011635573,46.33310264420802
550510005,-90.35783912215973,46.273984470122834
550510006,-90.28491268911893,46.47668023428243
550510007,-90.26359722891722,46.3646582302973
550510008,-90.21712240250196,46.31434039131637
550510009,-90.24612106749194,46.427796590879744
550510010,-90.22921765477744,46.43558584083578
551250001,-89.86913135032142,46.22262209617989
551250002,-89.69221396664987,46.2080846366764
551250003,-89.39740758710474,46.15610866577651
551250004,-89.12173894839587,46.07586018076274
551250005,-89.01383657041006,46.03301726881825
551250006,-89.86628676509844,46.11312375863773
551250007,-89.74697259529822,46.10342597489191
551250008,-89.63465767736712,46.09274343688269
551250009,-89.54740519742931,46.02375266081997
551250010,-89.44167883861749,46.05850092247418
551250011,-89.27751473076933,46.096776146569766
551250026,-89.36351616923257,45.94155710926982
551250027,-89.45958687064959,45.941695945493336
551250028,-89.52742575939915,45.939464694657836
551250029,-89.66260295555055,45.9521818075233
551250030,-89.72168573535554,45.91499655344759
551250031,-89.70127877852187,45.9365076568018
551250012,-89.26601860306154,46.035522102558666
551250013,-89.18681805391105,46.0042225740549
551250014,-89.10679346269544,45.93948899217124
551250018,-89.21675981113408,45.924195805396685
551250015,-89.20129744494848,45.96231738387625
551250016,-89.17343526027823,45.918505973167974
551250017,-89.23961963212373,45.884320178730285
551250019,-89.26027376937537,45.960505011965736
551250020,-89.28797891110753,45.94038301734846
551250021,-89.23962117457097,45.917395333422846
551250032,-89.71574535169239,46.030004646928546
551250033,-89.92005009253366,45.93512012792571
551250034,-89.82776051250535,46.01376417533328
551250035,-89.88822589605101,45.996033083592025
550950019,-92.5151998246181,45.51806560896247
550950020,-92.50101404879894,45.526418122987025
550950021,-92.57888680151699,45.51077983727731
550950064,-92.31795500485758,45.26830929316448
550950065,-92.26246919672927,45.27976130188604
550950066,-92.20909836375422,45.247710468152825
550950067,-92.25999994846495,45.249066192193695
550950022,-92.67389931108578,45.51972843531494
550950023,-92.61210847589086,45.45639915194256
550950068,-92.27780153432218,45.24905088099127
550130043,-92.38621281755842,45.879254599082515
550130001,-92.1725479647706,46.11384357356351
550130002,-92.2869019339674,46.022468235644745
550130003,-92.31820196778952,45.99561879690496
550130004,-92.11268635515302,46.02743181461528
550130005,-92.09796011181788,45.971046396416554
550130006,-92.09309352675257,45.93068792981033
550130007,-92.2199553576552,45.942636380966775
550130008,-92.32086120233747,45.945145096366474
550130009,-92.3799487415733,45.93928861438622
550130010,-92.48068014177099,45.94252042698401
550950024,-92.5811998002398,45.41384682342542
550950025,-92.55702455723105,45.44910598804347
550950026,-92.63348184777462,45.419805085349694
550950027,-92.6286156091701,45.407740549797836
550130011,-92.61671692630689,45.871029839934906
550130012,-92.72979860531234,45.83250737917885
550130013,-92.46662358829732,45.85929044626429
550130042,-92.31504745607934,45.86988587237357
550130016,-92.34938617996211,45.8415940707718
550130017,-92.36311158869073,45.880026088921646
550130018,-92.2191146287866,45.858680422007566
550130019,-92.09083338991182,45.86165798828928
550530044,-90.42528404423153,44.36628331209314
551290001,-91.92615909862019,46.11464019420889
551290002,-91.82621789821523,46.097628552136364
551290022,-91.97421013876593,45.77267796023312
551290023,-91.84181362709573,45.77295480700801
550950028,-92.62747879665264,45.39707687292767
550950029,-92.47173450370356,45.444415929739264
550950030,-92.46813822685559,45.403311787307544
550130020,-92.12560622844214,45.82371986301638
550130021,-92.66577789894608,45.778627472122814
550130022,-92.74052496703968,45.74247860653832
550530045,-90.49654935080716,44.24869483606275
550530046,-90.37489297024997,44.22439663160039
551290003,-91.67445805566366,46.11407164624178
551290004,-91.61274687612462,46.026726822441255
551290005,-91.73657862955673,46.02700537589537
550950031,-92.45283836394213,45.45792313856546
550950032,-92.36627517127496,45.42491666837973
550130026,-92.67932526785133,45.781047524334745
550130024,-92.69161836631531,45.78163048926263
550130025,-92.73216637330584,45.78631560287779
551290006,-91.84843515235485,46.00786075449529
551290007,-91.96847199499572,46.031722310358965
550950033,-92.30481604544697,45.424777147474856
550950034,-92.2213758809218,45.42486003829331
550950035,-92.16290195958442,45.395749163636175
550130027,-92.58042844599834,45.79655922889903
550130028,-92.59555150731384,45.75591733445809
551290008,-91.97166450198948,45.941704372494954
551290009,-91.8503708896382,45.91705123162183
550950036,-92.22556204751587,45.339374385811595
550950037,-92.17119522658068,45.32547076718557
550950038,-92.3143676087165,45.36396653320038
550130029,-92.46668547109343,45.77194176028631
550130030,-92.39634578088763,45.80074680913427
550130041,-92.32955270479322,45.79635824830271
550130031,-92.3476974541052,45.75183096554507
550130032,-92.76263920615817,45.685741443183886
551290010,-91.72476130750742,45.9415985993584
551290011,-91.60206018964578,45.941677242119184
551290012,-91.60125065209118,45.85666561023497
550950039,-92.31486014449649,45.31987755896186
550950040,-92.3651734206899,45.346816216864134
550950041,-92.40763047138556,45.3373468366918
550950042,-92.3690936900043,45.31613849892411
550130033,-92.5804667772823,45.68591580057099
550130034,-92.64186974565973,45.685943889404314
550130035,-92.22015938919223,45.76929349906586
550130036,-92.18498278728065,45.81240816046874
550130037,-92.09299206974676,45.77055009925525
551290013,-91.72342964516078,45.85688963107806
551290014,-91.84113477945883,45.84499264603901
550950001,-92.21951127596135,45.682881284605635
550950043,-92.35387718598406,45.31438188897634
550950044,-92.35574091067706,45.29857906273032
550950045,-92.37322867259319,45.29301920606242
550950046,-92.3699902666398,45.30601694653252
550130038,-92.09330758649743,45.682784962783686
550130039,-92.37935177982789,45.786860322014775
551290015,-91.87768669872528,45.83374247473502
551290016,-91.88380162788111,45.820574065869806
550950002,-92.34527088831331,45.683189534605226
550950003,-92.42871482788841,45.666767320912925
550950047,-92.46214289119605,45.35338980619563
550950048,-92.52473957519766,45.35496772320691
550130040,-92.38412460888699,45.77619167306754
551290017,-91.90368477295496,45.81817112520035
551290018,-91.9021630278137,45.826295294011224
551290019,-91.89592733718898,45.83402605419201
551290020,-91.97020968190218,45.87859335485449
551290021,-91.9713949676054,45.836638064296615
550950004,-92.48057311792351,45.69194280494865
550950005,-92.4622865351343,45.66204064843199
550950049,-92.49098225691016,45.311365192861714
550950050,-92.61016833071659,45.35524180491626
550950051,-92.592267442005,45.32338448901031
550530002,-90.9833975905661,44.55321351290722
551290024,-91.72723061415101,45.77131709868979
551290025,-91.60242808652315,45.72691706758099
551290026,-91.55077173816744,45.657736408342174
550950006,-92.46544708198357,45.65024614303006
550950007,-92.76523262388808,45.60234451076009
550950052,-92.62968305743436,45.30663530955923
550950053,-92.64464003502583,45.32834646585395
550950054,-92.63449311763073,45.36184827003641
550530004,-90.98363733968128,44.46617071082278
551290027,-91.72101181009597,45.685064161318124
551290028,-91.84479003186033,45.679623592835675
551290029,-91.97203656027318,45.680767689762334
550950008,-92.59008686553905,45.599336323900495
550950009,-92.45914461366084,45.605050412965106
550950010,-92.4787519826575,45.5750721811035
550950055,-92.70268762846517,45.32459972124003
550950056,-92.68769671376609,45.324113012553845
550950057,-92.68693484744286,45.31160574953169
550950058,-92.68169304645691,45.27885670084454
550530009,-90.85735428960005,44.469790474697014
551290030,-91.90723941787148,45.72887050265916
551290031,-91.89241030752785,45.74043231085518
550950011,-92.46178202384044,45.570357406182005
550950012,-92.50865538801665,45.577256066528136
550950059,-92.68799053744007,45.2342149936988
550950060,-92.54634426917201,45.2719623122866
550950013,-92.34513458862524,45.59710423285134
550950014,-92.21927059681077,45.59684440839286
550950015,-92.21982397590855,45.51077420256634
550950061,-92.56960642560446,45.23617336878815
550950016,-92.32643356218402,45.511929786657426
550950017,-92.38750362106347,45.50989635373865
550950018,-92.45383052265124,45.509514364888446
550950062,-92.45667946378269,45.25096123878914
550950063,-92.35995743834093,45.24360968556278
551090001,-92.219496631129,45.165865701328016
551090002,-92.34302609426207,45.16497726888869
551090003,-92.38792152124452,45.18893464229856
551090064,-92.72837437671723,44.96913145959593
551090065,-92.72294509756115,44.98282782499691
551090066,-92.7233868491261,44.99203591976783
551090067,-92.74619303725206,44.995140817511725
551090068,-92.74019449049538,45.00805527679084
551090113,-92.54197414102998,45.11503675204779
551090114,-92.52511342845588,45.10231086922718
551090115,-92.50454785647155,45.12945248317171
551090116,-92.58570652899483,45.18853502696925
551410007,-90.14949615900707,44.677644984196405
551410008,-90.14749705974802,44.667633442780634
551410009,-90.14682641543826,44.66180397656606
551410010,-90.16367115079416,44.67612141449477
551410111,-90.25761899832258,44.3810543469538
551410112,-90.19942545933476,44.29295729093448
551090004,-92.43756381927773,45.16679134573035
551090005,-92.49740186131493,45.16750641564581
551090112,-92.56033120767523,45.1166608221398
551090007,-92.55349359722449,45.18276063668676
551090069,-92.54495990760307,44.9902065453876
551090070,-92.55801115648183,44.98045887013966
551090071,-92.43682590859856,44.97036370794652
551410011,-90.15966954532094,44.67002760211763
551410012,-90.15723685521041,44.66413796276912
551410013,-90.17305870008964,44.67997271164838
551090009,-92.71162368746053,45.19090016581677
551090072,-92.43936142705505,44.98027596449077
551090073,-92.36979878264083,44.973075310480716
551090074,-92.36606535186247,44.96121979463314
551410014,-90.18972384482883,44.678877698236626
551410015,-90.17501848584988,44.67061541207597
551410016,-90.16803905793671,44.66578460964056
551410119,-90.13993571544822,44.65544306588935
551090010,-92.63320519625273,45.17589285644025
551090011,-92.69901496716979,45.155075353779495
551090012,-92.73267506074659,45.10770154224922
551090013,-92.68328941320507,45.10215515087946
551090075,-92.3716978064613,44.94802689799594
551090076,-92.37919946397146,44.9644619036371
551090077,-92.37965536341547,44.97363131619334
551410017,-90.16201116646842,44.66142463853318
551410018,-90.14711125530903,44.647583347827045
551410019,-90.16247714899042,44.64292974505668
551410020,-90.17137127431313,44.635593158926405
551090014,-92.64314133115087,45.095359277351584
551090015,-92.601721335491,45.137989633973675
551090016,-92.55615937105469,45.157965651731026
551090017,-92.5438262220253,45.138847657493976
551090018,-92.55565265951994,45.12469045925387
551090019,-92.54806058440089,45.12078129141676
551090020,-92.58901466837222,45.10273483689955
551090078,-92.29399510450388,44.95237357112161
551090079,-92.28101243776402,44.946965879372875
551090080,-92.19546153078295,44.90239956319545
551090081,-92.24410430456948,44.86732075351684
551410021,-90.17104772626392,44.65009548939283
551410022,-90.17388980800443,44.65978932267354
551410023,-90.17874582037076,44.66556225084623
551090021,-92.77972813023392,45.069464591727545
551090022,-92.71646432220464,45.07004051323337
551090023,-92.69094651231397,45.05341959927945
551090024,-92.72595468283909,45.03681758329206
551090082,-92.3094781578006,44.88096897241731
551090083,-92.32235752001446,44.92127536729654
551410024,-90.18223497594519,44.65965248395835
551410025,-90.18766567281335,44.659197446169756
551410026,-90.19043289374233,44.66826386615888
551410027,-90.19331366549682,44.67316802684865
551090025,-92.76426809493205,45.044122767807515
551090026,-92.66963685623111,45.027432198074244
551090027,-92.64256181769305,45.057181926800936
551090084,-92.40521504230206,44.90564499053714
551090085,-92.46625694596004,44.90583983677666
551090086,-92.55405783396075,44.924828434518965
551410028,-90.1992907362112,44.66230599230543
551410029,-90.20819242341945,44.668238070769796
551410030,-90.18776007989207,44.643174054449794
551410031,-90.16757189764236,44.61631279118237
551090028,-92.56021187477478,45.05859841857883
551090029,-92.52774944246337,45.09470834096413
551090030,-92.43603982562514,45.07901055750041
551090031,-92.32403455454241,45.08274333545396
551090032,-92.27819606454943,45.054502639748364
551090033,-92.19901192124307,45.07841064192177
551090087,-92.55105782250533,44.880762385587985
551090088,-92.75024167686938,44.885054491708516
551090089,-92.68563645477343,44.88337151907361
551090090,-92.72832336641963,44.91482429446439
551410032,-90.25972147793057,44.670884003480474
551410033,-90.25712167850402,44.62745795130099
551090034,-92.17602776078141,45.059689867371304
551090035,-92.16429493833445,45.05316958278445
551090036,-92.19797310696582,44.989732849614654
551090037,-92.17043595628638,44.95754570759005
551090038,-92.31521970964457,44.99269626418645
551090091,-92.67823621996443,44.93637987984712
551090092,-92.65894607778837,44.91411333524138
551410034,-90.25690217614174,44.55566767668933
551410035,-90.16824750713967,44.553680620829056
551090039,-92.43700698694511,44.99379307873718
551090040,-92.55070560369845,45.013314485217315
551090041,-92.56619063969926,44.97173682445856
551090042,-92.65981148434196,45.010624444392015
551090043,-92.6439868309317,45.00050076441998
551090044,-92.65111436898894,44.98412152078119
551090093,-92.64578653810744,44.876038329383874
551090094,-92.61038186544094,44.90233523014006
551410036,-90.10929983061395,44.55569320242373
551410037,-90.05569276515256,44.54998981410122
551410038,-90.01605636679075,44.579178782298854
551090045,-92.64736866379245,44.971619819716075
551090046,-92.65004697939413,44.9565937775848
551090095,-92.62154293146646,44.86632773683526
551090097,-92.62988489436712,44.88219633714232
551410039,-90.00900365923056,44.53000133795097
551410040,-90.03190906507267,44.53946751147662
551090047,-92.70057078205454,45.008757662802445
551090048,-92.69480687964109,44.98994260263242
551090098,-92.74812873778401,44.955852040050424
551090099,-92.64556928581662,44.94108440864989
551410042,-90.25719895259354,44.46849371819575
551410043,-90.13965307825882,44.46974610621434
551090049,-92.70168872506493,44.97120891838885
551090050,-92.76292393365269,44.9913713838747
551090051,-92.76058044047849,44.997465368846996
551090052,-92.75532544281485,44.9942455607421
551090053,-92.7600117019953,45.005718542605145
551090100,-92.69551358743628,44.957199886798364
551090101,-92.71937422425178,44.94928837849085
551090102,-92.70865617013754,44.95689644269441
551090103,-92.6712809381252,45.1302390123582
551410044,-90.12967672353281,44.44864095754753
551410045,-90.1332775087105,44.43485334362506
551410046,-90.12341253186827,44.434071654831335
551090054,-92.75218137739957,45.00203278837668
551090055,-92.76074225034168,44.9745132604604
551090056,-92.74991135483234,44.985328596582335
551090104,-92.6786856267942,45.11835922191974
551090105,-92.5325717052976,45.119884922140315
551090106,-92.53069896386373,45.116754798526024
551410047,-90.0230331993717,44.46752351570199
551090057,-92.7394737126115,44.98087146275041
551090058,-92.7522978099051,44.97493936847228
551090059,-92.74414013396218,44.97439491742697
551090107,-92.52334555958498,45.11532788085842
551090108,-92.54351415436312,45.10517112366326
551090060,-92.75137428161229,44.96698669546806
551090061,-92.74572748223183,44.96869034748876
551090062,-92.74220760229639,44.96660818609016
551090063,-92.73652287363858,44.971316545234004
551090109,-92.53219303696028,45.108372454279916
551090110,-92.5202386465411,45.107078466754395
551090111,-92.53196375507655,45.19820792804377
551410003,-90.0225742241078,44.64244133516108
551410004,-90.01456791701087,44.62676315925527
551410005,-90.1091632250401,44.64110481218201
551410006,-90.1035969387313,44.64382542076585
551410110,-90.13925800198795,44.380449709524704
550850009,-89.75751298949831,45.77521802697696
550850010,-89.98184327966361,45.64294901347082
550050046,-91.86407623510446,45.40112904574343
550050047,-91.85703997379262,45.40226116687184
550050048,-91.85434734112948,45.402336799812126
550050049,-91.85370217557907,45.395389561978234
550850011,-89.8586325814731,45.643809058423905
550850012,-89.75526649080163,45.60160043240433
550850013,-89.69406594936508,45.59769656096615
550850014,-89.6108403280112,45.60056171021745
550050050,-91.83974513886791,45.39658511489751
550050051,-91.77273577326973,45.420769249859596
550850015,-89.73528206253758,45.68934655150062
550850016,-89.61689870490575,45.684400827602914
550850017,-89.69650865065358,45.77549062283346
550850018,-89.61089253191781,45.85810598772894
550850019,-89.6030275295668,45.7922158933724
550850020,-89.61170567988836,45.74500036871699
550050001,-91.60118931206125,45.59492040415379
550050002,-91.70822994946093,45.60268546894644
550050052,-91.58813951986083,45.42950398167466
550050053,-91.63234383469683,45.40716981021131
550850021,-89.48776229855937,45.8625512965499
550850022,-89.48791564699808,45.77847829161435
550850023,-89.5049768799036,45.6631509336303
550850024,-89.50762810674988,45.70207089877936
550850025,-89.525582688331,45.63016881528575
550850026,-89.5213259779818,45.581380403040875
550850027,-89.46638462639535,45.59814658260789
550050003,-91.75436681508502,45.580616605029306
550050004,-91.77884026891229,45.60786106476882
550050054,-91.60372936702642,45.250211884858565
550050055,-91.72699941316326,45.25067604013646
550850028,-89.3212599793732,45.508025869129355
550850029,-89.1382841569838,45.51497237750471
550850030,-89.14272914565693,45.59590253690694
550850031,-89.2979227977976,45.619981478595626
550050005,-91.84738100023706,45.59593880043612
550050006,-91.94110658061025,45.60336303416397
550050007,-91.99665368755977,45.59018119857861
550050056,-91.8672902872621,45.25310814048956
550070001,-90.84372279025149,46.91015562627939
550070002,-90.87005398285021,46.861193083051056
550850032,-89.11172844883401,45.68128931568958
550850033,-89.23994805561384,45.68521105499421
550850034,-89.10587441312774,45.76033663638465
550850035,-89.10549486156324,45.85382275533463
550850036,-89.18296599105976,45.79800137454776
550850037,-89.27835964923413,45.79038916601901
550850038,-89.36901028093828,45.82107441583971
550050008,-92.09306771138603,45.59660050573571
550050009,-91.60144387699224,45.50871233260151
550050010,-91.6911474886655,45.51865986883466
550050057,-91.80609500969142,45.24368332034757
550050058,-91.81425025442468,45.25903533200245
550050059,-91.9458614836818,45.22649310865975
550070003,-90.95231747130123,46.84812689898426
550070004,-90.81474575531269,46.81223904509796
550070005,-90.82359807536733,46.81710898246578
550070006,-90.82792244006882,46.80932481198946
550850039,-89.36513349593204,45.70683602642292
550050011,-91.70051470174012,45.47515787540742
550050012,-91.7127695560208,45.49961175553688
550050013,-91.71678220140393,45.489121885282245
550050060,-91.98040706273135,45.236835505486006
550050061,-91.98160454677314,45.26092769447696
550050062,-92.09490126903292,45.25221117946819
550070007,-90.8210712669148,46.80891542790206
550070008,-91.11113568609903,46.79268925484855
550070009,-90.950946904316,46.737505637978906
550070010,-90.89943581357005,46.668907994446684
550850040,-89.33332508851575,45.682154596844974
550850041,-89.31230328805971,45.584017946416445
550850042,-89.38841416619516,45.5823840556613
550850043,-89.4040439983837,45.6920790438305
550850044,-89.4498755030763,45.70335543256547
550850045,-89.44926765472526,45.6671996429134
550050014,-91.72992700186019,45.48794157330536
550050015,-91.73265094201899,45.49187760060595
550050016,-91.7308402291243,45.4987758835957
550050017,-91.7430264651931,45.496961891013584
550050063,-92.09506300418296,45.338010985031865
550050064,-91.9717650724187,45.33750545647599
550070011,-90.91271736555903,46.6762650884979
550070012,-90.9013732174724,46.671652058214356
550070013,-90.88169130751277,46.681568460320335
550070014,-91.22812685616186,46.771105872352315
550070015,-91.33907920392345,46.75155267289823
550070016,-91.44701475683011,46.71319637955156
550070017,-91.48992890593748,46.632868862746065
550850046,-89.37778853063426,45.62351119120283
550850047,-89.40961610691483,45.65276557463956
550850048,-89.41665277394377,45.644326099795336
550050018,-91.74298986230494,45.5022345926103
550050019,-91.73758563251033,45.50331926167415
550050020,-91.73316105384073,45.51656767765586
550050021,-91.73263410951627,45.50596605857359
550050065,-91.86869583670999,45.32777268676325
550050066,-91.8066855578351,45.32804877458352
550050067,-91.84231230779095,45.37032357113027
550050068,-91.73764675832066,45.33052287500067
550070018,-91.36476401023744,46.632366796477015
550070019,-91.09729243944747,46.6703915243745
550070020,-91.10752963844861,46.61182091364281
550070021,-91.49018238579609,46.5252103182404
550070022,-91.36126781650589,46.57528689273156
550070023,-91.36975759842547,46.532847091262695
550070024,-91.17998520918754,46.56704400885058
550070025,-91.17946870641445,46.52408518947694
550070026,-91.00315047678009,46.572449838118914
550070027,-90.98470031985185,46.53247032905315
550070028,-91.48930553198609,46.30874658813213
550850049,-89.41065756234156,45.64796748335227
550850050,-89.40626323451283,45.644970561733814
550850051,-89.42152217815998,45.64156278205457
550850052,-89.42704773287274,45.64291561747452
550850053,-89.42708965456633,45.64284219192727
550050022,-91.73613254053062,45.507762266349566
550050023,-91.74363286025715,45.50726641305425
550050024,-91.75268939792011,45.51768646575052
550050025,-91.75673093968683,45.50568832163194
550050069,-91.68890390649628,45.358598638027374
550050070,-91.64477690437069,45.31789013400894
550070029,-91.30204378234161,46.459310479395775
550070030,-91.30195520592184,46.329220755060135
550070031,-91.30183489523425,46.20009968707118
550070032,-91.05010138545028,46.198674683259924
550070033,-91.07225096137154,46.31399973776935
550070034,-90.98683106296195,46.37066356665902
550070035,-91.11427808744655,46.45865926683081
550070036,-91.06194019902053,46.43465275838896
550070037,-90.98779996564296,46.45803673200151
550850054,-89.43327300829498,45.6383410008158
550850055,-89.42463114802891,45.63542997008437
550850056,-89.46439170423295,45.629617939485215
550850057,-89.42271200987038,45.62856582949046
550050026,-91.7554264486589,45.4984438319802
550050027,-91.75096526861402,45.49129966698716
550050028,-91.7655153512787,45.51510303703982
550050029,-91.73560599077943,45.47585892737209
550050071,-91.66030089728734,45.325251893102156
550050072,-91.66575554151586,45.31791567883564
550050073,-91.6495037366112,45.3089165086706
550050074,-91.64813955442544,45.3436763374009
550070038,-91.1243349583755,46.95146117010766
550850058,-89.48847552726501,45.61230604110997
550850060,-89.39800306771525,45.65323378141512
550850061,-89.38367100449064,45.65352948926135
550050030,-91.84774464929203,45.50965163014843
550050031,-91.96672463782983,45.50780889542448
550050032,-92.02377461352037,45.52427223568649
550050033,-92.02227228438088,45.531071156752105
550050075,-91.58993643048431,45.346693413344155
550050076,-91.60490914213753,45.3019574689928
550050077,-91.72854181097013,45.445794356188614
550050078,-91.6991315209091,45.40746511047797
550050079,-91.76245409419958,45.39164643226245
550850062,-89.39303147792909,45.638437571819715
550850063,-89.40517952627488,45.63582520055274
550850064,-89.41057457839257,45.63482720912966
550850065,-89.41425772687828,45.6291465824016
550850066,-89.40595697891851,45.624427801583636
550850067,-89.39673987510898,45.62924643611471
550050034,-92.09549853515311,45.50900673560463
550050035,-92.11292809315026,45.436778452369765
550050036,-92.05158377491,45.43821064573368
550050080,-91.74236251892441,45.399881125681766
550050081,-91.74841155857547,45.41390223595384
550850068,-89.38488799690509,45.63195571580131
550050037,-92.03744719448756,45.41384236623623
550050038,-92.0770518496214,45.39418817503168
550050039,-92.14020844852323,45.39184296414308
550050082,-92.01843857644816,45.550311549944965
550050083,-92.02260906020825,45.54085947581748
550850001,-89.93239176382369,45.80951919735244
550850002,-89.81549309460681,45.857389294994164
550850003,-89.74451366341087,45.885261395129746
550850004,-89.73606442522906,45.8946736980356
550050040,-91.98299111349408,45.418210321205464
550050041,-91.93130657453857,45.439974309077535
550050084,-92.03961552675096,45.540385674884774
550050085,-91.55056597006234,45.20849965990266
550850005,-89.68945161615032,45.89466216840429
550850006,-89.6905763825725,45.878759760264856
550850007,-89.74760323763034,45.84451954269451
550850008,-89.692625955638,45.84077798843023
550050042,-91.84518922795975,45.44271351342304
550050043,-91.85188301659782,45.399485927607785
550050044,-91.85549086505996,45.412569915225575
550050045,-91.8373508196094,45.40503698747401
550410018,-88.8976792682691,45.5793489074134
550410019,-88.91455702068194,45.57521423820036
550410020,-88.88345611790348,45.56805456591451
550410021,-88.90726273628118,45.55785815143742
550410022,-88.81046547979678,45.63533721700338
550410023,-88.7353847252774,45.59733790204943
551070001,-91.47982545424362,45.594951845649234
551070002,-91.31127355696421,45.59738142471798
551070003,-91.12839074753211,45.59298705285146
550410024,-88.62206888639761,45.59332856793734
550410025,-88.73630813255596,45.51438131502892
550410026,-88.51676419343778,45.5571020172497
551070004,-90.98824417592677,45.595782846861354
550410027,-88.73934894901522,45.42134137050104
550410028,-88.51215908088145,45.44800113710437
550410029,-88.61991144276061,45.42686638383
550410030,-88.65722766126852,45.45317254986615
550410031,-88.66610336433014,45.478394534284135
550410032,-88.67057223412682,45.43840329019629
551070005,-90.86456464860252,45.59547482032201
551070006,-90.74117709072807,45.59537823731124
551070007,-91.47917427199022,45.508523703768894
551070008,-91.3314719231136,45.51034421535485
551070009,-91.22253089798991,45.451765442004124
551070010,-91.14309308676226,45.508653716866476
551070011,-91.0794149227094,45.51253574559899
551070012,-90.98686436498586,45.51068504471072
551070013,-90.88401968285932,45.50911382425194
551070014,-90.80138069089746,45.50832085079086
551070015,-90.71989703288305,45.462673640280684
551070016,-90.84302311869327,45.42166313550164
551070017,-90.98653602968557,45.42313170187456
551070018,-91.11229750767066,45.41927137843586
551070019,-91.35320809164085,45.42213149529327
551070020,-91.48041772970699,45.42179218390853
551070021,-91.47982162270236,45.335080240150866
551070022,-91.35788810949082,45.33485053676334
551070023,-91.23514855835589,45.334960360787235
551070024,-91.11120878712451,45.33523000902563
551070025,-90.98762743416465,45.336067557505224
551070026,-90.95666502768165,45.311903845092964
551070027,-91.4144866526616,45.425095666199745
551070028,-91.27333650583807,45.45886897625496
551070029,-91.03546902729221,45.38407930440116
551070030,-91.09958421316226,45.448885146064995
551070031,-91.10915367102376,45.45863805461633
551070032,-91.10717013222235,45.461956298117165
551070033,-91.09862801933073,45.456616954050425
551070034,-91.09978367259549,45.459896733232036
551070035,-91.0961937121986,45.46011629505278
550410001,-88.9859841110736,45.809252071959705
550410002,-88.88356677687793,45.97195856832793
550410003,-88.75869532439094,45.961684557581236
551070036,-91.090039678509,45.458713505529424
551070037,-91.08925405202982,45.46434960170791
551070038,-91.08307785396028,45.472593224495434
550410004,-88.86249546079259,45.76756268632429
550410005,-88.73580878829753,45.834290826633506
551070039,-91.10018480200229,45.46352547185963
551070040,-91.11168902406709,45.46606928205678
550410006,-88.74056015523311,45.72728986675164
550410007,-88.67369053251093,45.671035573748874
551070041,-91.10573156823415,45.473102380460745
551070042,-91.0961657047184,45.4687478732171
550410008,-88.50279468938929,45.67352405250616
550410009,-88.93581577737119,45.57763556084604
551070043,-91.10195078840478,45.48160992826805
551070044,-90.99715779772615,45.48031482655731
551070045,-90.89347920860251,45.496956975083705
551070046,-90.81368655780614,45.505624136174255
551070047,-90.71480397131157,45.511441649956375
550410010,-88.9915698578377,45.5959951439569
550410011,-88.97967170906328,45.52341304414622
550410012,-88.88006857614678,45.43129599026355
550410013,-89.01091807859598,45.48906899469216
550410014,-89.03593975634088,45.54415577714286
550410015,-88.86053114201187,45.50936156177883
550410016,-88.85456575369608,45.597879264722806
550410017,-88.92011991622736,45.546420771386714